Date,SWEDEN GROWTH Standard (Large+Mid Cap)
2001-01-01,8124.487
2001-01-02,7926.627
2001-01-03,7361.838
2001-01-04,8311.726
2001-01-05,8309.792
2001-01-08,7920.579
2001-01-09,7506.873
2001-01-10,7453.97
2001-01-11,7995.284
2001-01-12,8393.96
2001-01-15,8473.517
2001-01-16,7998.479
2001-01-17,8528.62
2001-01-18,8799.341
2001-01-19,8604.561
2001-01-22,8473.847
2001-01-23,8210.807
2001-01-24,8294.06
2001-01-25,8602.107
2001-01-26,7693.604
2001-01-29,7780.014
2001-01-30,8108.321
2001-01-31,8503.959
2001-02-01,8312.634
2001-02-02,8124.359
2001-02-05,7884.935
2001-02-06,7949.592
2001-02-07,7715.766
2001-02-08,7475.359
2001-02-09,6918.941
2001-02-12,7107.698
2001-02-13,7008.008
2001-02-14,6525.939
2001-02-15,6923.337
2001-02-16,6543.128
2001-02-19,6454.001
2001-02-20,6287.343
2001-02-21,6148.876
2001-02-22,5849.854
2001-02-23,5654.005
2001-02-26,6057.969
2001-02-27,6234.171
2001-02-28,6115.164
2001-03-01,5866.435
2001-03-02,6022.406
2001-03-05,6275.091
2001-03-06,6582.539
2001-03-07,6505.505
2001-03-08,6338.204
2001-03-09,6056.55
2001-03-12,5101.689
2001-03-13,4789.898
2001-03-14,4796.178
2001-03-15,4855.208
2001-03-16,4352.259
2001-03-19,4414.026
2001-03-20,4815.632
2001-03-21,4602.584
2001-03-22,4184.321
2001-03-23,4491.065
2001-03-26,4721.289
2001-03-27,4984.404
2001-03-28,4690.952
2001-03-29,4384.343
2001-03-30,4281.478
2001-04-02,4232.406
2001-04-03,4042.828
2001-04-04,3961.938
2001-04-05,4429.201
2001-04-06,4320.374
2001-04-09,4458.193
2001-04-10,4646.609
2001-04-11,4659.414
2001-04-12,4570.555
2001-04-13,4570.555
2001-04-16,4522.647
2001-04-17,4388.002
2001-04-18,4770.176
2001-04-19,5021.344
2001-04-20,4679.906
2001-04-23,4431.48
2001-04-24,4404.424
2001-04-25,4604.61
2001-04-26,4783.186
2001-04-27,4899.164
2001-04-30,5057.736
2001-05-01,5078.9
2001-05-02,5115.338
2001-05-03,4968.245
2001-05-04,4999.324
2001-05-07,5100.426
2001-05-08,4962.711
2001-05-09,4811.531
2001-05-10,4990.891
2001-05-11,4983.334
2001-05-14,4913.871
2001-05-15,4881.058
2001-05-16,4840.862
2001-05-17,5037.198
2001-05-18,5265.008
2001-05-21,5459.319
2001-05-22,5516.099
2001-05-23,5328.608
2001-05-24,5311.435
2001-05-25,5255.047
2001-05-28,5298.475
2001-05-29,5250.732
2001-05-30,5048.005
2001-05-31,4847.978
2001-06-01,4754.24
2001-06-04,4729.494
2001-06-05,4878.17
2001-06-06,4781.572
2001-06-07,4641.026
2001-06-08,4513.995
2001-06-11,4356.734
2001-06-12,4175.674
2001-06-13,4220.8
2001-06-14,4064.978
2001-06-15,4228.447
2001-06-18,4207.813
2001-06-19,4195.692
2001-06-20,3977.056
2001-06-21,4160.336
2001-06-22,4169.035
2001-06-25,4212.59
2001-06-26,4146.794
2001-06-27,4253.149
2001-06-28,4334.804
2001-06-29,4390.905
2001-07-02,4495.727
2001-07-03,4472.147
2001-07-04,4308.4
2001-07-05,4070.597
2001-07-06,3828.656
2001-07-09,3862.877
2001-07-10,3890.952
2001-07-11,3815.633
2001-07-12,4003.645
2001-07-13,4059.441
2001-07-16,4158.056
2001-07-17,3990.703
2001-07-18,3964.061
2001-07-19,4064.963
2001-07-20,4028.415
2001-07-23,3953.568
2001-07-24,3920.394
2001-07-25,3853.523
2001-07-26,3876.448
2001-07-27,4091.789
2001-07-30,4284.181
2001-07-31,4415.94
2001-08-01,4382.349
2001-08-02,4482.668
2001-08-03,4403.095
2001-08-06,4342.585
2001-08-07,4436.716
2001-08-08,4340.525
2001-08-09,4197.261
2001-08-10,4126.145
2001-08-13,4190.77
2001-08-14,4349.467
2001-08-15,4358.255
2001-08-16,4229.119
2001-08-17,4124.054
2001-08-20,4032.176
2001-08-21,4144.79
2001-08-22,4212.725
2001-08-23,4292.417
2001-08-24,4431.848
2001-08-27,4455.821
2001-08-28,4334.758
2001-08-29,4243.362
2001-08-30,4082.033
2001-08-31,4001.045
2001-09-03,3927.088
2001-09-04,3609.138
2001-09-05,3458.721
2001-09-06,3450.476
2001-09-07,3329.828
2001-09-10,3353.435
2001-09-11,3029.181
2001-09-12,3226.679
2001-09-13,3111.665
2001-09-14,3099.455
2001-09-17,3191.91
2001-09-18,3087.82
2001-09-19,3020.204
2001-09-20,2849.159
2001-09-21,2780.458
2001-09-24,3024.422
2001-09-25,3202.476
2001-09-26,3132.063
2001-09-27,3037.871
2001-09-28,3175.262
2001-10-01,3075.492
2001-10-02,3119.092
2001-10-03,3065.165
2001-10-04,3261.59
2001-10-05,3338.542
2001-10-08,3418.723
2001-10-09,3388.146
2001-10-10,3403.724
2001-10-11,3606.167
2001-10-12,3627.319
2001-10-15,3542.322
2001-10-16,3576.591
2001-10-17,3849.96
2001-10-18,3632.81
2001-10-19,3480.504
2001-10-22,3435.522
2001-10-23,3601.221
2001-10-24,3628.76
2001-10-25,3640.981
2001-10-26,3859.805
2001-10-29,3710.919
2001-10-30,3539.822
2001-10-31,3608.16
2001-11-01,3651.767
2001-11-02,3658.13
2001-11-05,3802.311
2001-11-06,3879.284
2001-11-07,3936.668
2001-11-08,4057.62
2001-11-09,3973.52
2001-11-12,3887.298
2001-11-13,4116.703
2001-11-14,4165.091
2001-11-15,4276.951
2001-11-16,4381.611
2001-11-19,4375.05
2001-11-20,4254.411
2001-11-21,4189.58
2001-11-22,4414.947
2001-11-23,4422.631
2001-11-26,4567.764
2001-11-27,4467.843
2001-11-28,4369.635
2001-11-29,4302.784
2001-11-30,4423.973
2001-12-03,4366.689
2001-12-04,4545.108
2001-12-05,4846.837
2001-12-06,4839.395
2001-12-07,4786.512
2001-12-10,4691.599
2001-12-11,4736.149
2001-12-12,4645.849
2001-12-13,4468.759
2001-12-14,4366.339
2001-12-17,4478.195
2001-12-18,4444.906
2001-12-19,4295.472
2001-12-20,4164.714
2001-12-21,4228.72
2001-12-24,4172.836
2001-12-25,4172.836
2001-12-26,4158.648
2001-12-27,4301.446
2001-12-28,4409.033
2001-12-31,4444.866
2002-01-01,4444.866
2002-01-02,4497.927
2002-01-03,4711.239
2002-01-04,4699.786
2002-01-07,4694.702
2002-01-08,4488.077
2002-01-09,4413.3
2002-01-10,4368.694
2002-01-11,4450.021
2002-01-14,4221.315
2002-01-15,4144.854
2002-01-16,4021.032
2002-01-17,4058.883
2002-01-18,4011.739
2002-01-21,3939.696
2002-01-22,3907.592
2002-01-23,3890.957
2002-01-24,3994.946
2002-01-25,3838.253
2002-01-28,3734.62
2002-01-29,3652.505
2002-01-30,3587.472
2002-01-31,3773.405
2002-02-01,3716.812
2002-02-04,3705.922
2002-02-05,3654.135
2002-02-06,3627.457
2002-02-07,3661.726
2002-02-08,3634.412
2002-02-11,3750.614
2002-02-12,3730.583
2002-02-13,3697.092
2002-02-14,3669.85
2002-02-15,3599.307
2002-02-18,3538.873
2002-02-19,3501.697
2002-02-20,3506.974
2002-02-21,3595.641
2002-02-22,3547.777
2002-02-25,3628.533
2002-02-26,3620.544
2002-02-27,3712.457
2002-02-28,3688.894
2002-03-01,3761.992
2002-03-04,3996.1
2002-03-05,3964.272
2002-03-06,4004.678
2002-03-07,4129.633
2002-03-08,4145.113
2002-03-11,4052.722
2002-03-12,3889.19
2002-03-13,3838.83
2002-03-14,3798.167
2002-03-15,3825.413
2002-03-18,3879.566
2002-03-19,3836.628
2002-03-20,3771.672
2002-03-21,3772.353
2002-03-22,3950.129
2002-03-25,3868.438
2002-03-26,3827.57
2002-03-27,3805.361
2002-03-28,3806.157
2002-03-29,3806.157
2002-04-01,3843.729
2002-04-02,3781.625
2002-04-03,3701.852
2002-04-04,3694.847
2002-04-05,3716.857
2002-04-08,3588.326
2002-04-09,3554.222
2002-04-10,3556.996
2002-04-11,3468.653
2002-04-12,3498.347
2002-04-15,3545.069
2002-04-16,3643.055
2002-04-17,3708.301
2002-04-18,3558.733
2002-04-19,3449.902
2002-04-22,3051.818
2002-04-23,3013.93
2002-04-24,2869.393
2002-04-25,2975.304
2002-04-26,3032.812
2002-04-29,2981.835
2002-04-30,3015.436
2002-05-01,3033.147
2002-05-02,3019.006
2002-05-03,2927.395
2002-05-06,2917.376
2002-05-07,2898.757
2002-05-08,3008.895
2002-05-09,3003.719
2002-05-10,2886.161
2002-05-13,2920.757
2002-05-14,2976.361
2002-05-15,3034.657
2002-05-16,2980.542
2002-05-17,3100.025
2002-05-20,3108.867
2002-05-21,3057.677
2002-05-22,2980.428
2002-05-23,2970.324
2002-05-24,2979.311
2002-05-27,2942.634
2002-05-28,2946.076
2002-05-29,2894.453
2002-05-30,2834.192
2002-05-31,2841.774
2002-06-03,2850.89
2002-06-04,2788.713
2002-06-05,2817.625
2002-06-06,2784.143
2002-06-07,2688.384
2002-06-10,2711.422
2002-06-11,2676.761
2002-06-12,2586.166
2002-06-13,2609.591
2002-06-14,2594.385
2002-06-17,2617.763
2002-06-18,2653.268
2002-06-19,2635.148
2002-06-20,2526.561
2002-06-21,2542.178
2002-06-24,2448.177
2002-06-25,2519.64
2002-06-26,2509.619
2002-06-27,2553.07
2002-06-28,2614.595
2002-07-01,2652.638
2002-07-02,2605.738
2002-07-03,2507.325
2002-07-04,2542.334
2002-07-05,2661.708
2002-07-08,2664.353
2002-07-09,2632.676
2002-07-10,2535.704
2002-07-11,2420.672
2002-07-12,2419.235
2002-07-15,2392.641
2002-07-16,2385.143
2002-07-17,2472.306
2002-07-18,2451.104
2002-07-19,2300.59
2002-07-22,2166.611
2002-07-23,2032.803
2002-07-24,1919.853
2002-07-25,2011.169
2002-07-26,1895.303
2002-07-29,2048.961
2002-07-30,2094.597
2002-07-31,2114.768
2002-08-01,2072.228
2002-08-02,2016.43
2002-08-05,1898.024
2002-08-06,1893.987
2002-08-07,1930.44
2002-08-08,1978.203
2002-08-09,1950.882
2002-08-12,1987.445
2002-08-13,2035.675
2002-08-14,1972.955
2002-08-15,1981.301
2002-08-16,1971.566
2002-08-19,1993.759
2002-08-20,2044.717
2002-08-21,2173.575
2002-08-22,2286.542
2002-08-23,2162.149
2002-08-26,2091.275
2002-08-27,2088.745
2002-08-28,2059.234
2002-08-29,2093.606
2002-08-30,2082.627
2002-09-02,2053.919
2002-09-03,1981.809
2002-09-04,1972.885
2002-09-05,1955.242
2002-09-06,2027.045
2002-09-09,1992.126
2002-09-10,1962.947
2002-09-11,2045.979
2002-09-12,1978.853
2002-09-13,1951.003
2002-09-16,1918.535
2002-09-17,1881.694
2002-09-18,1834.527
2002-09-19,1828.984
2002-09-20,1816.581
2002-09-23,1730.138
2002-09-24,1723.965
2002-09-25,1722.196
2002-09-26,1769.937
2002-09-27,1735.305
2002-09-30,1619.964
2002-10-01,1644.36
2002-10-02,1703.913
2002-10-03,1673.185
2002-10-04,1640.417
2002-10-07,1579.294
2002-10-08,1528.276
2002-10-09,1514.243
2002-10-10,1570.341
2002-10-11,1686.609
2002-10-14,1650.978
2002-10-15,1804.715
2002-10-16,1751.068
2002-10-17,1817.537
2002-10-18,1885.475
2002-10-21,1932.967
2002-10-22,1910.22
2002-10-23,1844.774
2002-10-24,1925.233
2002-10-25,1943.323
2002-10-28,2043.576
2002-10-29,1954.942
2002-10-30,2044.579
2002-10-31,2102.001
2002-11-01,2107.416
2002-11-04,2216.983
2002-11-05,2274.732
2002-11-06,2192.163
2002-11-07,2129.809
2002-11-08,2161.844
2002-11-11,2153.877
2002-11-12,2288.512
2002-11-13,2303.341
2002-11-14,2375.92
2002-11-15,2319.549
2002-11-18,2398.685
2002-11-19,2343.1
2002-11-20,2337.49
2002-11-21,2456.432
2002-11-22,2464.823
2002-11-25,2400.237
2002-11-26,2305.747
2002-11-27,2392.757
2002-11-28,2417.175
2002-11-29,2383.568
2002-12-02,2370.618
2002-12-03,2338.816
2002-12-04,2354.627
2002-12-05,2329.903
2002-12-06,2332.059
2002-12-09,2294.091
2002-12-10,2301.465
2002-12-11,2313.332
2002-12-12,2293.588
2002-12-13,2293.547
2002-12-16,2293.391
2002-12-17,2251.119
2002-12-18,2206.584
2002-12-19,2221.102
2002-12-20,2216.35
2002-12-23,2186.05
2002-12-24,2197.089
2002-12-25,2197.089
2002-12-26,2201.366
2002-12-27,2165.48
2002-12-30,2193.303
2002-12-31,2205.159
2003-01-01,2205.159
2003-01-02,2283.079
2003-01-03,2307.485
2003-01-06,2320.385
2003-01-07,2303.383
2003-01-08,2215.896
2003-01-09,2235.72
2003-01-10,2246.096
2003-01-13,2257.473
2003-01-14,2263.135
2003-01-15,2247.383
2003-01-16,2245.899
2003-01-17,2216.023
2003-01-20,2271.315
2003-01-21,2243.317
2003-01-22,2198.894
2003-01-23,2202.123
2003-01-24,2208.754
2003-01-27,2137.843
2003-01-28,2098.94
2003-01-29,2101.503
2003-01-30,2141.832
2003-01-31,2115.237
2003-02-03,2165.408
2003-02-04,2120.739
2003-02-05,2156.066
2003-02-06,2148.715
2003-02-07,2117.274
2003-02-10,2050.239
2003-02-11,2089.43
2003-02-12,2120.638
2003-02-13,2175.386
2003-02-14,2198.056
2003-02-17,2238.149
2003-02-18,2250.296
2003-02-19,2230.365
2003-02-20,2203.733
2003-02-21,2197.666
2003-02-24,2177.944
2003-02-25,2125.228
2003-02-26,2145.086
2003-02-27,2167.177
2003-02-28,2181.908
2003-03-03,2204.127
2003-03-04,2190.442
2003-03-05,2186.213
2003-03-06,2176.703
2003-03-07,2162.449
2003-03-10,2126.935
2003-03-11,2109.347
2003-03-12,2054.257
2003-03-13,2098.375
2003-03-14,2133.291
2003-03-17,2174.956
2003-03-18,2192.144
2003-03-19,2199.792
2003-03-20,2232.635
2003-03-21,2253.634
2003-03-24,2201.939
2003-03-25,2199.597
2003-03-26,2176.771
2003-03-27,2147.038
2003-03-28,2144.701
2003-03-31,2096.501
2003-04-01,2090.478
2003-04-02,2148.781
2003-04-03,2158.06
2003-04-04,2161.404
2003-04-07,2225.547
2003-04-08,2203.045
2003-04-09,2203.912
2003-04-10,2202.141
2003-04-11,2210.213
2003-04-14,2216.592
2003-04-15,2251.998
2003-04-16,2256.176
2003-04-17,2271.437
2003-04-18,2271.437
2003-04-21,2264.492
2003-04-22,2306.457
2003-04-23,2328.262
2003-04-24,2352.883
2003-04-25,2332.875
2003-04-28,2383.534
2003-04-29,2425.56
2003-04-30,2437.914
2003-05-01,2462.009
2003-05-02,2422.541
2003-05-05,2458.452
2003-05-06,2483.701
2003-05-07,2480.724
2003-05-08,2459.031
2003-05-09,2488.547
2003-05-12,2507.468
2003-05-13,2530.493
2003-05-14,2509.765
2003-05-15,2490.113
2003-05-16,2485.603
2003-05-19,2464.176
2003-05-20,2454.838
2003-05-21,2432.673
2003-05-22,2456.906
2003-05-23,2485.62
2003-05-26,2484.081
2003-05-27,2512.571
2003-05-28,2547.849
2003-05-29,2559.934
2003-05-30,2557.184
2003-06-02,2558.272
2003-06-03,2513.688
2003-06-04,2533.461
2003-06-05,2579.736
2003-06-06,2591.551
2003-06-09,2600.553
2003-06-10,2578.975
2003-06-11,2635.18
2003-06-12,2663.991
2003-06-13,2627.727
2003-06-16,2668.552
2003-06-17,2697.668
2003-06-18,2676.065
2003-06-19,2647.453
2003-06-20,2631.469
2003-06-23,2575.944
2003-06-24,2524.82
2003-06-25,2553.061
2003-06-26,2529.776
2003-06-27,2573.877
2003-06-30,2563.221
2003-07-01,2547.146
2003-07-02,2561.949
2003-07-03,2597.529
2003-07-04,2590.751
2003-07-07,2603.861
2003-07-08,2628.893
2003-07-09,2628.618
2003-07-10,2597.581
2003-07-11,2589.669
2003-07-14,2638.932
2003-07-15,2623.528
2003-07-16,2591.24
2003-07-17,2545.546
2003-07-18,2579.828
2003-07-21,2600.264
2003-07-22,2599.479
2003-07-23,2621.344
2003-07-24,2662.951
2003-07-25,2664.557
2003-07-28,2700.101
2003-07-29,2686.745
2003-07-30,2672.227
2003-07-31,2648.855
2003-08-01,2653.666
2003-08-04,2679.635
2003-08-05,2690.541
2003-08-06,2646.223
2003-08-07,2620.391
2003-08-08,2629.824
2003-08-11,2610.707
2003-08-12,2647.116
2003-08-13,2682.152
2003-08-14,2690.941
2003-08-15,2669.843
2003-08-18,2680.651
2003-08-19,2691.603
2003-08-20,2692.885
2003-08-21,2710.85
2003-08-22,2685.126
2003-08-25,2645.945
2003-08-26,2604.721
2003-08-27,2623.368
2003-08-28,2631.162
2003-08-29,2661.643
2003-09-01,2727.093
2003-09-02,2706.836
2003-09-03,2764.844
2003-09-04,2774.47
2003-09-05,2815.664
2003-09-08,2838.805
2003-09-09,2836.465
2003-09-10,2798.534
2003-09-11,2811.388
2003-09-12,2836.333
2003-09-15,2835.993
2003-09-16,2843.282
2003-09-17,2860.052
2003-09-18,2870.437
2003-09-19,2850.856
2003-09-22,2813.248
2003-09-23,2835.725
2003-09-24,2830.312
2003-09-25,2822.295
2003-09-26,2820.689
2003-09-29,2817.101
2003-09-30,2780.213
2003-10-01,2803.52
2003-10-02,2820.844
2003-10-03,2883.366
2003-10-06,2918.606
2003-10-07,2938.01
2003-10-08,2964.776
2003-10-09,2968.665
2003-10-10,2959.131
2003-10-13,2973.476
2003-10-14,3015.492
2003-10-15,2997.741
2003-10-16,2974.449
2003-10-17,2947.74
2003-10-20,2945.328
2003-10-21,2956.712
2003-10-22,2918.88
2003-10-23,2914.76
2003-10-24,2952.297
2003-10-27,2977.739
2003-10-28,3001.212
2003-10-29,3005.881
2003-10-30,2998.224
2003-10-31,2952.16
2003-11-03,2933.523
2003-11-04,2949.769
2003-11-05,2907.359
2003-11-06,2917.835
2003-11-07,2992.268
2003-11-10,2980.495
2003-11-11,2958.95
2003-11-12,3007.055
2003-11-13,3054.871
2003-11-14,3102.038
2003-11-17,3053.805
2003-11-18,3078.137
2003-11-19,3053.945
2003-11-20,3034.711
2003-11-21,3036.526
2003-11-24,3041.893
2003-11-25,3038.599
2003-11-26,3041.434
2003-11-27,3076.944
2003-11-28,3075.013
2003-12-01,3128.604
2003-12-02,3171.63
2003-12-03,3184.026
2003-12-04,3202.148
2003-12-05,3185.283
2003-12-08,3171.857
2003-12-09,3161.114
2003-12-10,3153.456
2003-12-11,3125.046
2003-12-12,3159.423
2003-12-15,3163.775
2003-12-16,3108.567
2003-12-17,3086.2
2003-12-18,3129.169
2003-12-19,3141.15
2003-12-22,3150.962
2003-12-23,3200.303
2003-12-24,3203.15
2003-12-25,3203.15
2003-12-26,3199.406
2003-12-29,3281.505
2003-12-30,3278.099
2003-12-31,3298.167
2004-01-01,3298.167
2004-01-02,3346.786
2004-01-05,3361.42
2004-01-06,3363.205
2004-01-07,3318.813
2004-01-08,3431.502
2004-01-09,3495.757
2004-01-12,3516.467
2004-01-13,3519.043
2004-01-14,3510.157
2004-01-15,3507.244
2004-01-16,3511.199
2004-01-19,3543.564
2004-01-20,3550.963
2004-01-21,3542.077
2004-01-22,3586.084
2004-01-23,3582.749
2004-01-26,3569.034
2004-01-27,3582.906
2004-01-28,3555.182
2004-01-29,3452.055
2004-01-30,3521.238
2004-02-02,3513.222
2004-02-03,3566.647
2004-02-04,3553.797
2004-02-05,3617.146
2004-02-06,3841.025
2004-02-09,3854.618
2004-02-10,3904.543
2004-02-11,3892.295
2004-02-12,3925.348
2004-02-13,3890.161
2004-02-16,3921.119
2004-02-17,3924.817
2004-02-18,3968.423
2004-02-19,3941.989
2004-02-20,3853.511
2004-02-23,3866.927
2004-02-24,3807.717
2004-02-25,3784.722
2004-02-26,3782.745
2004-02-27,3793.247
2004-03-01,3830.378
2004-03-02,3828.356
2004-03-03,3833.07
2004-03-04,3835.853
2004-03-05,3935.3
2004-03-08,3916.788
2004-03-09,3843.053
2004-03-10,3761.164
2004-03-11,3620.51
2004-03-12,3615.192
2004-03-15,3595.461
2004-03-16,3650.097
2004-03-17,3672.684
2004-03-18,3623.84
2004-03-19,3625.503
2004-03-22,3531.045
2004-03-23,3545.169
2004-03-24,3497.834
2004-03-25,3564.762
2004-03-26,3541.1
2004-03-29,3628.296
2004-03-30,3622.429
2004-03-31,3668.25
2004-04-01,3829.887
2004-04-02,3807.715
2004-04-05,3828.497
2004-04-06,3814.607
2004-04-07,3899.885
2004-04-08,3879.396
2004-04-09,3879.396
2004-04-12,3859.648
2004-04-13,3807.593
2004-04-14,3748.717
2004-04-15,3739.699
2004-04-16,3773.757
2004-04-19,3785.976
2004-04-20,3829.331
2004-04-21,3774.36
2004-04-22,3859.991
2004-04-23,3802.551
2004-04-26,3768.125
2004-04-27,3768.329
2004-04-28,3660.771
2004-04-29,3678.023
2004-04-30,3641.796
2004-05-03,3663.456
2004-05-04,3689.514
2004-05-05,3763.056
2004-05-06,3652.364
2004-05-07,3598.523
2004-05-10,3407.596
2004-05-11,3466.964
2004-05-12,3416.672
2004-05-13,3495.005
2004-05-14,3468.559
2004-05-17,3440.989
2004-05-18,3481.074
2004-05-19,3605.915
2004-05-20,3579.269
2004-05-21,3599.003
2004-05-24,3586.72
2004-05-25,3577.598
2004-05-26,3614.639
2004-05-27,3710.629
2004-05-28,3709.826
2004-05-31,3709.826
2004-06-01,3657.599
2004-06-02,3693.351
2004-06-03,3676.765
2004-06-04,3761.146
2004-06-07,3861.41
2004-06-08,3860.694
2004-06-09,3749.507
2004-06-10,3721.547
2004-06-11,3690.95
2004-06-14,3640.85
2004-06-15,3684.126
2004-06-16,3696.489
2004-06-17,3690.406
2004-06-18,3681.288
2004-06-21,3670.795
2004-06-22,3633.19
2004-06-23,3740.188
2004-06-24,3851.25
2004-06-25,3841.73
2004-06-28,3883.259
2004-06-29,3860.379
2004-06-30,3852.923
2004-07-01,3879.453
2004-07-02,3880.452
2004-07-05,3831.503
2004-07-06,3783.183
2004-07-07,3828.689
2004-07-08,3818.566
2004-07-09,3759.31
2004-07-12,3682.977
2004-07-13,3683.772
2004-07-14,3770.163
2004-07-15,3643.707
2004-07-16,3705.267
2004-07-19,3636.529
2004-07-20,3633.186
2004-07-21,3744.858
2004-07-22,3643.375
2004-07-23,3580.575
2004-07-26,3512.614
2004-07-27,3578.893
2004-07-28,3550.77
2004-07-29,3612.033
2004-07-30,3599.085
2004-08-02,3572.715
2004-08-03,3594.29
2004-08-04,3558.527
2004-08-05,3592.524
2004-08-06,3538.059
2004-08-09,3492.792
2004-08-10,3555.79
2004-08-11,3422.906
2004-08-12,3364.374
2004-08-13,3402.714
2004-08-16,3448.357
2004-08-17,3499.749
2004-08-18,3519.634
2004-08-19,3566.635
2004-08-20,3552.269
2004-08-23,3621.539
2004-08-24,3576.691
2004-08-25,3605.381
2004-08-26,3626.185
2004-08-27,3622.175
2004-08-30,3627.27
2004-08-31,3605.055
2004-09-01,3672.253
2004-09-02,3669.447
2004-09-03,3611.112
2004-09-06,3607.496
2004-09-07,3578.83
2004-09-08,3585.943
2004-09-09,3586.806
2004-09-10,3691.544
2004-09-13,3799.941
2004-09-14,3782.952
2004-09-15,3743.704
2004-09-16,3746.281
2004-09-17,3789.665
2004-09-20,3797.292
2004-09-21,3851.035
2004-09-22,3870.763
2004-09-23,3912.103
2004-09-24,3888.731
2004-09-27,3871.816
2004-09-28,3879.592
2004-09-29,3990.431
2004-09-30,3977.748
2004-10-01,4058.465
2004-10-04,4064.905
2004-10-05,4078.908
2004-10-06,4062.431
2004-10-07,4078.855
2004-10-08,4076.099
2004-10-11,4048.328
2004-10-12,3982.595
2004-10-13,4044.736
2004-10-14,4015.273
2004-10-15,4016.629
2004-10-18,4033.585
2004-10-19,4106.4
2004-10-20,4051.305
2004-10-21,3994.722
2004-10-22,3867.82
2004-10-25,3805.009
2004-10-26,3873.028
2004-10-27,3925.852
2004-10-28,3927.5
2004-10-29,3900.687
2004-11-01,3972.048
2004-11-02,4048.72
2004-11-03,4097.413
2004-11-04,4055.514
2004-11-05,4080.952
2004-11-08,4141.484
2004-11-09,4097.91
2004-11-10,4120.213
2004-11-11,4172.467
2004-11-12,4285.469
2004-11-15,4309.363
2004-11-16,4304.905
2004-11-17,4355.756
2004-11-18,4359.452
2004-11-19,4349.23
2004-11-22,4305.368
2004-11-23,4336.318
2004-11-24,4369.888
2004-11-25,4416.735
2004-11-26,4394.923
2004-11-29,4431.875
2004-11-30,4397.242
2004-12-01,4450.049
2004-12-02,4459.061
2004-12-03,4478.076
2004-12-06,4478.322
2004-12-07,4531.199
2004-12-08,4392.785
2004-12-09,4306.906
2004-12-10,4326.805
2004-12-13,4376.884
2004-12-14,4383.393
2004-12-15,4401.919
2004-12-16,4383.646
2004-12-17,4311.024
2004-12-20,4424.281
2004-12-21,4393.445
2004-12-22,4408.738
2004-12-23,4409.85
2004-12-24,4436.095
2004-12-27,4473.515
2004-12-28,4474.0
2004-12-29,4496.285
2004-12-30,4498.271
2004-12-31,4477.084
2005-01-03,4481.307
2005-01-04,4471.733
2005-01-05,4412.004
2005-01-06,4362.993
2005-01-07,4308.956
2005-01-10,4388.744
2005-01-11,4359.605
2005-01-12,4277.157
2005-01-13,4283.046
2005-01-14,4291.656
2005-01-17,4345.23
2005-01-18,4321.948
2005-01-19,4328.414
2005-01-20,4230.09
2005-01-21,4239.177
2005-01-24,4203.831
2005-01-25,4227.846
2005-01-26,4275.39
2005-01-27,4300.41
2005-01-28,4246.433
2005-01-31,4282.912
2005-02-01,4339.56
2005-02-02,4364.998
2005-02-03,4297.355
2005-02-04,4321.767
2005-02-07,4363.359
2005-02-08,4323.613
2005-02-09,4398.412
2005-02-10,4255.76
2005-02-11,4267.749
2005-02-14,4329.835
2005-02-15,4360.125
2005-02-16,4328.767
2005-02-17,4330.623
2005-02-18,4282.936
2005-02-21,4287.615
2005-02-22,4361.88
2005-02-23,4339.018
2005-02-24,4358.627
2005-02-25,4428.38
2005-02-28,4456.172
2005-03-01,4431.572
2005-03-02,4432.263
2005-03-03,4448.4
2005-03-04,4539.412
2005-03-07,4498.149
2005-03-08,4496.087
2005-03-09,4514.655
2005-03-10,4480.086
2005-03-11,4532.686
2005-03-14,4500.358
2005-03-15,4499.665
2005-03-16,4455.344
2005-03-17,4439.483
2005-03-18,4393.286
2005-03-21,4333.861
2005-03-22,4376.78
2005-03-23,4346.404
2005-03-24,4335.915
2005-03-25,4335.915
2005-03-28,4306.09
2005-03-29,4296.357
2005-03-30,4300.837
2005-03-31,4299.007
2005-04-01,4331.668
2005-04-04,4251.518
2005-04-05,4299.443
2005-04-06,4364.805
2005-04-07,4405.218
2005-04-08,4411.527
2005-04-11,4485.141
2005-04-12,4435.282
2005-04-13,4487.246
2005-04-14,4459.872
2005-04-15,4405.179
2005-04-18,4364.903
2005-04-19,4377.566
2005-04-20,4396.16
2005-04-21,4468.82
2005-04-22,4565.778
2005-04-25,4522.007
2005-04-26,4503.515
2005-04-27,4399.349
2005-04-28,4351.132
2005-04-29,4334.456
2005-05-02,4343.704
2005-05-03,4381.457
2005-05-04,4435.771
2005-05-05,4433.611
2005-05-06,4478.69
2005-05-09,4487.926
2005-05-10,4448.337
2005-05-11,4414.198
2005-05-12,4453.525
2005-05-13,4480.072
2005-05-16,4474.753
2005-05-17,4502.664
2005-05-18,4541.813
2005-05-19,4571.288
2005-05-20,4553.449
2005-05-23,4575.767
2005-05-24,4590.929
2005-05-25,4587.633
2005-05-26,4595.47
2005-05-27,4596.426
2005-05-30,4600.708
2005-05-31,4569.381
2005-06-01,4546.126
2005-06-02,4544.517
2005-06-03,4532.66
2005-06-06,4536.286
2005-06-07,4567.826
2005-06-08,4601.2
2005-06-09,4532.258
2005-06-10,4545.094
2005-06-13,4471.329
2005-06-14,4525.325
2005-06-15,4531.859
2005-06-16,4556.195
2005-06-17,4642.163
2005-06-20,4629.541
2005-06-21,4692.702
2005-06-22,4674.109
2005-06-23,4684.292
2005-06-24,4688.607
2005-06-27,4607.272
2005-06-28,4582.717
2005-06-29,4584.502
2005-06-30,4591.615
2005-07-01,4566.487
2005-07-04,4582.97
2005-07-05,4603.276
2005-07-06,4646.112
2005-07-07,4564.742
2005-07-08,4613.919
2005-07-11,4741.981
2005-07-12,4812.655
2005-07-13,4827.007
2005-07-14,4816.874
2005-07-15,4773.607
2005-07-18,4790.952
2005-07-19,4757.251
2005-07-20,4713.522
2005-07-21,4832.451
2005-07-22,4810.051
2005-07-25,4813.214
2005-07-26,4755.32
2005-07-27,4791.395
2005-07-28,4841.793
2005-07-29,4838.298
2005-08-01,4865.018
2005-08-02,4918.059
2005-08-03,4954.882
2005-08-04,4956.632
2005-08-05,4922.567
2005-08-08,4927.708
2005-08-09,4936.41
2005-08-10,5043.079
2005-08-11,5075.314
2005-08-12,5054.796
2005-08-15,5038.951
2005-08-16,4994.372
2005-08-17,4948.35
2005-08-18,4872.6
2005-08-19,4854.916
2005-08-22,4893.332
2005-08-23,4861.318
2005-08-24,4824.827
2005-08-25,4762.087
2005-08-26,4777.529
2005-08-29,4780.709
2005-08-30,4736.586
2005-08-31,4843.611
2005-09-01,4939.338
2005-09-02,4979.705
2005-09-05,4978.839
2005-09-06,4992.292
2005-09-07,5006.597
2005-09-08,4972.407
2005-09-09,5066.954
2005-09-12,5035.291
2005-09-13,5001.499
2005-09-14,5017.801
2005-09-15,4954.346
2005-09-16,4958.275
2005-09-19,4942.0
2005-09-20,4955.568
2005-09-21,4934.142
2005-09-22,4922.433
2005-09-23,4884.775
2005-09-26,4940.655
2005-09-27,4922.18
2005-09-28,4971.598
2005-09-29,5011.862
2005-09-30,5056.174
2005-10-03,5048.03
2005-10-04,5071.148
2005-10-05,5034.021
2005-10-06,5033.075
2005-10-07,4998.671
2005-10-10,4972.32
2005-10-11,4952.902
2005-10-12,4891.916
2005-10-13,4768.439
2005-10-14,4817.81
2005-10-17,4776.694
2005-10-18,4714.277
2005-10-19,4659.609
2005-10-20,4641.855
2005-10-21,4607.987
2005-10-24,4608.033
2005-10-25,4702.311
2005-10-26,4690.655
2005-10-27,4631.227
2005-10-28,4598.081
2005-10-31,4646.74
2005-11-01,4629.504
2005-11-02,4663.565
2005-11-03,4728.824
2005-11-04,4666.569
2005-11-07,4642.205
2005-11-08,4636.295
2005-11-09,4607.688
2005-11-10,4604.196
2005-11-11,4654.554
2005-11-14,4659.966
2005-11-15,4613.06
2005-11-16,4629.405
2005-11-17,4658.061
2005-11-18,4687.611
2005-11-21,4732.204
2005-11-22,4703.877
2005-11-23,4765.375
2005-11-24,4757.536
2005-11-25,4760.855
2005-11-28,4807.724
2005-11-29,4749.377
2005-11-30,4712.571
2005-12-01,4783.554
2005-12-02,4845.608
2005-12-05,4823.147
2005-12-06,4947.775
2005-12-07,4918.659
2005-12-08,4963.988
2005-12-09,4976.612
2005-12-12,4981.14
2005-12-13,4980.266
2005-12-14,4994.006
2005-12-15,4939.688
2005-12-16,5033.578
2005-12-19,5036.605
2005-12-20,4975.449
2005-12-21,4971.827
2005-12-22,4979.348
2005-12-23,5000.985
2005-12-26,5000.985
2005-12-27,5021.768
2005-12-28,5054.52
2005-12-29,5044.296
2005-12-30,5031.449
2006-01-02,5043.561
2006-01-03,5168.001
2006-01-04,5254.323
2006-01-05,5249.487
2006-01-06,5278.857
2006-01-09,5341.36
2006-01-10,5280.914
2006-01-11,5308.189
2006-01-12,5257.134
2006-01-13,5228.101
2006-01-16,5260.184
2006-01-17,5192.456
2006-01-18,5110.329
2006-01-19,5144.135
2006-01-20,5090.991
2006-01-23,5199.687
2006-01-24,5144.133
2006-01-25,5197.544
2006-01-26,5271.94
2006-01-27,5304.858
2006-01-30,5314.869
2006-01-31,5346.713
2006-02-01,5377.54
2006-02-02,5338.555
2006-02-03,5292.784
2006-02-06,5273.705
2006-02-07,5195.676
2006-02-08,5171.1
2006-02-09,5238.592
2006-02-10,5181.322
2006-02-13,5188.182
2006-02-14,5223.908
2006-02-15,5287.367
2006-02-16,5298.944
2006-02-17,5291.295
2006-02-20,5316.4
2006-02-21,5300.123
2006-02-22,5296.833
2006-02-23,5279.957
2006-02-24,5285.574
2006-02-27,5294.576
2006-02-28,5214.311
2006-03-01,5271.362
2006-03-02,5297.339
2006-03-03,5349.571
2006-03-06,5372.454
2006-03-07,5275.896
2006-03-08,5240.4
2006-03-09,5301.08
2006-03-10,5273.202
2006-03-13,5312.0
2006-03-14,5388.274
2006-03-15,5445.382
2006-03-16,5557.849
2006-03-17,5596.184
2006-03-20,5689.528
2006-03-21,5645.258
2006-03-22,5694.809
2006-03-23,5691.608
2006-03-24,5717.798
2006-03-27,5658.657
2006-03-28,5651.325
2006-03-29,5587.661
2006-03-30,5749.66
2006-03-31,5640.191
2006-04-03,5747.558
2006-04-04,5749.955
2006-04-05,5808.029
2006-04-06,5777.845
2006-04-07,5695.545
2006-04-10,5706.834
2006-04-11,5694.123
2006-04-12,5735.833
2006-04-13,5751.634
2006-04-14,5751.634
2006-04-17,5854.58
2006-04-18,5827.529
2006-04-19,5882.977
2006-04-20,5882.435
2006-04-21,5735.331
2006-04-24,5699.638
2006-04-25,5710.268
2006-04-26,5789.254
2006-04-27,5790.593
2006-04-28,5785.538
2006-05-01,5807.989
2006-05-02,5815.555
2006-05-03,5824.926
2006-05-04,5890.69
2006-05-05,5987.678
2006-05-08,5954.039
2006-05-09,5959.589
2006-05-10,5847.707
2006-05-11,5880.465
2006-05-12,5730.642
2006-05-15,5558.588
2006-05-16,5607.463
2006-05-17,5330.914
2006-05-18,5276.488
2006-05-19,5226.343
2006-05-22,5070.429
2006-05-23,5350.786
2006-05-24,5202.317
2006-05-25,5209.246
2006-05-26,5416.103
2006-05-29,5476.747
2006-05-30,5362.129
2006-05-31,5385.379
2006-06-01,5440.67
2006-06-02,5487.788
2006-06-05,5475.332
2006-06-06,5411.178
2006-06-07,5296.021
2006-06-08,4941.379
2006-06-09,5090.287
2006-06-12,4985.76
2006-06-13,4821.638
2006-06-14,4990.785
2006-06-15,5176.153
2006-06-16,5082.763
2006-06-19,5110.67
2006-06-20,5166.605
2006-06-21,5262.254
2006-06-22,5227.482
2006-06-23,5208.256
2006-06-26,5199.598
2006-06-27,5117.426
2006-06-28,5109.287
2006-06-29,5260.075
2006-06-30,5492.011
2006-07-03,5511.059
2006-07-04,5562.307
2006-07-05,5436.46
2006-07-06,5505.902
2006-07-07,5462.068
2006-07-10,5429.79
2006-07-11,5329.111
2006-07-12,5270.454
2006-07-13,5171.27
2006-07-14,5040.117
2006-07-17,4941.071
2006-07-18,4890.25
2006-07-19,5154.911
2006-07-20,5155.717
2006-07-21,5085.757
2006-07-24,5117.147
2006-07-25,5113.051
2006-07-26,5199.391
2006-07-27,5303.104
2006-07-28,5331.996
2006-07-31,5270.618
2006-08-01,5187.406
2006-08-02,5299.665
2006-08-03,5226.921
2006-08-04,5280.352
2006-08-07,5190.693
2006-08-08,5174.097
2006-08-09,5247.938
2006-08-10,5104.239
2006-08-11,5119.745
2006-08-14,5149.056
2006-08-15,5281.38
2006-08-16,5375.795
2006-08-17,5482.483
2006-08-18,5420.636
2006-08-21,5446.095
2006-08-22,5425.626
2006-08-23,5350.274
2006-08-24,5360.819
2006-08-25,5309.382
2006-08-28,5357.595
2006-08-29,5406.661
2006-08-30,5504.706
2006-08-31,5481.378
2006-09-01,5478.826
2006-09-04,5606.394
2006-09-05,5573.636
2006-09-06,5503.468
2006-09-07,5396.263
2006-09-08,5437.206
2006-09-11,5456.406
2006-09-12,5568.17
2006-09-13,5634.222
2006-09-14,5660.61
2006-09-15,5665.02
2006-09-18,5708.237
2006-09-19,5671.547
2006-09-20,5714.692
2006-09-21,5719.363
2006-09-22,5680.921
2006-09-25,5567.23
2006-09-26,5613.772
2006-09-27,5745.022
2006-09-28,5728.341
2006-09-29,5723.144
2006-10-02,5731.357
2006-10-03,5687.064
2006-10-04,5713.851
2006-10-05,5817.114
2006-10-06,5776.96
2006-10-09,5827.76
2006-10-10,5831.775
2006-10-11,5942.052
2006-10-12,6009.749
2006-10-13,5947.581
2006-10-16,5959.861
2006-10-17,5890.071
2006-10-18,5920.822
2006-10-19,5973.126
2006-10-20,6074.858
2006-10-23,6076.057
2006-10-24,6075.54
2006-10-25,6157.005
2006-10-26,6142.767
2006-10-27,6127.524
2006-10-30,6100.33
2006-10-31,6146.617
2006-11-01,6210.139
2006-11-02,6174.957
2006-11-03,6152.042
2006-11-06,6250.444
2006-11-07,6355.081
2006-11-08,6340.194
2006-11-09,6384.769
2006-11-10,6378.405
2006-11-13,6386.996
2006-11-14,6385.507
2006-11-15,6493.211
2006-11-16,6490.674
2006-11-17,6390.194
2006-11-20,6448.894
2006-11-21,6437.304
2006-11-22,6513.319
2006-11-23,6563.429
2006-11-24,6530.043
2006-11-27,6349.752
2006-11-28,6323.602
2006-11-29,6446.493
2006-11-30,6418.048
2006-12-01,6421.053
2006-12-04,6540.466
2006-12-05,6584.362
2006-12-06,6564.653
2006-12-07,6638.889
2006-12-08,6644.537
2006-12-11,6685.01
2006-12-12,6799.479
2006-12-13,6766.621
2006-12-14,6712.368
2006-12-15,6749.03
2006-12-18,6726.231
2006-12-19,6751.523
2006-12-20,6838.128
2006-12-21,6871.062
2006-12-22,6837.324
2006-12-25,6837.324
2006-12-26,6807.215
2006-12-27,6838.59
2006-12-28,6844.005
2006-12-29,6899.09
2007-01-01,6899.09
2007-01-02,7040.057
2007-01-03,6964.213
2007-01-04,6791.301
2007-01-05,6744.205
2007-01-08,6723.556
2007-01-09,6684.139
2007-01-10,6593.616
2007-01-11,6667.263
2007-01-12,6716.344
2007-01-15,6825.341
2007-01-16,6823.873
2007-01-17,6803.825
2007-01-18,6743.182
2007-01-19,6734.582
2007-01-22,6735.116
2007-01-23,6789.364
2007-01-24,6803.924
2007-01-25,6870.694
2007-01-26,6783.801
2007-01-29,6779.204
2007-01-30,6869.175
2007-01-31,6858.275
2007-02-01,6859.944
2007-02-02,6679.87
2007-02-05,6658.725
2007-02-06,6685.056
2007-02-07,6790.528
2007-02-08,6743.735
2007-02-09,6716.068
2007-02-12,6586.003
2007-02-13,6592.087
2007-02-14,6759.019
2007-02-15,6727.483
2007-02-16,6646.062
2007-02-19,6720.006
2007-02-20,6649.384
2007-02-21,6585.089
2007-02-22,6607.466
2007-02-23,6681.604
2007-02-26,6765.712
2007-02-27,6594.574
2007-02-28,6455.752
2007-03-01,6364.361
2007-03-02,6397.044
2007-03-05,6291.568
2007-03-06,6311.127
2007-03-07,6389.537
2007-03-08,6477.808
2007-03-09,6461.595
2007-03-12,6554.546
2007-03-13,6481.382
2007-03-14,6298.705
2007-03-15,6479.618
2007-03-16,6489.971
2007-03-19,6613.542
2007-03-20,6672.189
2007-03-21,6718.008
2007-03-22,6862.687
2007-03-23,6839.62
2007-03-26,6764.132
2007-03-27,6785.497
2007-03-28,6707.409
2007-03-29,6790.196
2007-03-30,6773.494
2007-04-02,6845.807
2007-04-03,6930.007
2007-04-04,6989.029
2007-04-05,7070.74
2007-04-06,7070.74
2007-04-09,7023.691
2007-04-10,7175.152
2007-04-11,7134.845
2007-04-12,7198.962
2007-04-13,7254.142
2007-04-16,7443.548
2007-04-17,7436.291
2007-04-18,7422.958
2007-04-19,7437.791
2007-04-20,7453.466
2007-04-23,7459.148
2007-04-24,7396.315
2007-04-25,7506.898
2007-04-26,7479.543
2007-04-27,7486.769
2007-04-30,7528.979
2007-05-01,7522.251
2007-05-02,7514.305
2007-05-03,7445.436
2007-05-04,7537.784
2007-05-07,7587.237
2007-05-08,7386.729
2007-05-09,7372.337
2007-05-10,7254.503
2007-05-11,7303.832
2007-05-14,7423.19
2007-05-15,7464.731
2007-05-16,7477.992
2007-05-17,7405.823
2007-05-18,7485.582
2007-05-21,7437.362
2007-05-22,7442.761
2007-05-23,7580.652
2007-05-24,7514.677
2007-05-25,7555.331
2007-05-28,7575.512
2007-05-29,7492.169
2007-05-30,7399.138
2007-05-31,7478.397
2007-06-01,7503.239
2007-06-04,7474.659
2007-06-05,7506.638
2007-06-06,7474.755
2007-06-07,7184.544
2007-06-08,7165.476
2007-06-11,7217.472
2007-06-12,7077.593
2007-06-13,7123.611
2007-06-14,7238.604
2007-06-15,7336.193
2007-06-18,7424.663
2007-06-19,7390.514
2007-06-20,7525.159
2007-06-21,7352.089
2007-06-22,7387.564
2007-06-25,7378.612
2007-06-26,7352.126
2007-06-27,7328.393
2007-06-28,7484.209
2007-06-29,7467.461
2007-07-02,7532.799
2007-07-03,7691.642
2007-07-04,7764.075
2007-07-05,7728.441
2007-07-06,7768.19
2007-07-09,7842.351
2007-07-10,7853.177
2007-07-11,7896.897
2007-07-12,8021.887
2007-07-13,8022.671
2007-07-16,8052.988
2007-07-17,7963.684
2007-07-18,7886.428
2007-07-19,7976.262
2007-07-20,7838.501
2007-07-23,7882.59
2007-07-24,7721.186
2007-07-25,7561.718
2007-07-26,7270.605
2007-07-27,7295.657
2007-07-30,7414.554
2007-07-31,7446.991
2007-08-01,7289.737
2007-08-02,7410.776
2007-08-03,7378.77
2007-08-06,7290.949
2007-08-07,7326.605
2007-08-08,7507.822
2007-08-09,7283.541
2007-08-10,7017.621
2007-08-13,7134.679
2007-08-14,7073.753
2007-08-15,6930.004
2007-08-16,6623.455
2007-08-17,6765.371
2007-08-20,6831.78
2007-08-21,6798.372
2007-08-22,6962.808
2007-08-23,7006.872
2007-08-24,7141.081
2007-08-27,7089.514
2007-08-28,6914.331
2007-08-29,7018.245
2007-08-30,7106.11
2007-08-31,7203.274
2007-09-03,7222.209
2007-09-04,7230.576
2007-09-05,7063.849
2007-09-06,7098.478
2007-09-07,6946.857
2007-09-10,6859.801
2007-09-11,7081.838
2007-09-12,7217.432
2007-09-13,7344.123
2007-09-14,7261.776
2007-09-17,7121.011
2007-09-18,7245.89
2007-09-19,7576.023
2007-09-20,7583.527
2007-09-21,7627.02
2007-09-24,7565.41
2007-09-25,7473.144
2007-09-26,7538.344
2007-09-27,7622.155
2007-09-28,7712.426
2007-10-01,7786.848
2007-10-02,7718.993
2007-10-03,7792.158
2007-10-04,7781.679
2007-10-05,7930.8
2007-10-08,7886.555
2007-10-09,7911.447
2007-10-10,8012.997
2007-10-11,8134.327
2007-10-12,8057.666
2007-10-15,8045.486
2007-10-16,7523.245
2007-10-17,7580.349
2007-10-18,7482.225
2007-10-19,7341.22
2007-10-22,7084.9
2007-10-23,7366.324
2007-10-24,7232.114
2007-10-25,7381.922
2007-10-26,7441.018
2007-10-29,7444.59
2007-10-30,7377.518
2007-10-31,7445.401
2007-11-01,7316.267
2007-11-02,7236.342
2007-11-05,7302.281
2007-11-06,7414.011
2007-11-07,7433.04
2007-11-08,7394.403
2007-11-09,7133.364
2007-11-12,7095.448
2007-11-13,7051.871
2007-11-14,7188.774
2007-11-15,7018.15
2007-11-16,6990.928
2007-11-19,6783.232
2007-11-20,6876.394
2007-11-21,6736.94
2007-11-22,6714.848
2007-11-23,6719.286
2007-11-26,6793.471
2007-11-27,6699.134
2007-11-28,6836.044
2007-11-29,6846.751
2007-11-30,6816.864
2007-12-03,6793.355
2007-12-04,6661.678
2007-12-05,6808.7
2007-12-06,6816.886
2007-12-07,6953.76
2007-12-10,7047.079
2007-12-11,7074.606
2007-12-12,7042.831
2007-12-13,6787.413
2007-12-14,6724.1
2007-12-17,6455.121
2007-12-18,6407.295
2007-12-19,6386.022
2007-12-20,6373.852
2007-12-21,6518.144
2007-12-24,6511.267
2007-12-25,6511.267
2007-12-26,6586.611
2007-12-27,6567.499
2007-12-28,6673.639
2007-12-31,6637.551
2008-01-01,6637.551
2008-01-02,6523.839
2008-01-03,6481.718
2008-01-04,6235.429
2008-01-07,6154.812
2008-01-08,6226.25
2008-01-09,6001.671
2008-01-10,5989.711
2008-01-11,6023.27
2008-01-14,6229.188
2008-01-15,5976.052
2008-01-16,5902.736
2008-01-17,5962.437
2008-01-18,5858.161
2008-01-21,5574.887
2008-01-22,5863.662
2008-01-23,5617.006
2008-01-24,5937.654
2008-01-25,6002.826
2008-01-28,5963.618
2008-01-29,5995.584
2008-01-30,5958.698
2008-01-31,5945.838
2008-02-01,6134.16
2008-02-04,6181.002
2008-02-05,5860.551
2008-02-06,5909.274
2008-02-07,5636.765
2008-02-08,5709.543
2008-02-11,5664.523
2008-02-12,5954.688
2008-02-13,6013.326
2008-02-14,6068.482
2008-02-15,6037.466
2008-02-18,6187.337
2008-02-19,6256.112
2008-02-20,6105.406
2008-02-21,6211.459
2008-02-22,6126.454
2008-02-25,6255.545
2008-02-26,6396.132
2008-02-27,6551.371
2008-02-28,6439.3
2008-02-29,6382.706
2008-03-03,6294.015
2008-03-04,6144.753
2008-03-05,6292.205
2008-03-06,6254.279
2008-03-07,6172.5
2008-03-10,6071.873
2008-03-11,6131.06
2008-03-12,6295.939
2008-03-13,6249.643
2008-03-14,6221.53
2008-03-17,6007.406
2008-03-18,6155.337
2008-03-19,6024.866
2008-03-20,5863.91
2008-03-21,5863.91
2008-03-24,5852.057
2008-03-25,6144.059
2008-03-26,6225.046
2008-03-27,6385.258
2008-03-28,6365.982
2008-03-31,6437.299
2008-04-01,6524.666
2008-04-02,6648.212
2008-04-03,6603.092
2008-04-04,6588.911
2008-04-07,6693.183
2008-04-08,6588.682
2008-04-09,6622.881
2008-04-10,6624.613
2008-04-11,6498.982
2008-04-14,6473.97
2008-04-15,6456.554
2008-04-16,6665.307
2008-04-17,6531.217
2008-04-18,6540.331
2008-04-21,6579.287
2008-04-22,6628.115
2008-04-23,6717.324
2008-04-24,6654.521
2008-04-25,6904.734
2008-04-28,6968.907
2008-04-29,6816.692
2008-04-30,6830.094
2008-05-01,6767.096
2008-05-02,6834.277
2008-05-05,6885.361
2008-05-06,6967.874
2008-05-07,7041.394
2008-05-08,7055.281
2008-05-09,7006.255
2008-05-12,7069.334
2008-05-13,7106.052
2008-05-14,7125.626
2008-05-15,7199.133
2008-05-16,7298.896
2008-05-19,7415.549
2008-05-20,7267.229
2008-05-21,7263.555
2008-05-22,7320.39
2008-05-23,7200.184
2008-05-26,7215.765
2008-05-27,7168.57
2008-05-28,7188.353
2008-05-29,7136.245
2008-05-30,7133.02
2008-06-02,7047.365
2008-06-03,7091.812
2008-06-04,6993.832
2008-06-05,6994.358
2008-06-06,7083.839
2008-06-09,6935.896
2008-06-10,6758.365
2008-06-11,6636.149
2008-06-12,6665.947
2008-06-13,6623.444
2008-06-16,6736.688
2008-06-17,6824.863
2008-06-18,6718.75
2008-06-19,6729.505
2008-06-20,6780.36
2008-06-23,6629.748
2008-06-24,6498.236
2008-06-25,6553.372
2008-06-26,6387.018
2008-06-27,6311.543
2008-06-30,6247.444
2008-07-01,6079.66
2008-07-02,6066.439
2008-07-03,6091.998
2008-07-04,6020.754
2008-07-07,6136.628
2008-07-08,5970.55
2008-07-09,6080.268
2008-07-10,5921.417
2008-07-11,5824.187
2008-07-14,5903.551
2008-07-15,5859.111
2008-07-16,5885.567
2008-07-17,6120.588
2008-07-18,6212.722
2008-07-21,6248.236
2008-07-22,6127.802
2008-07-23,6180.954
2008-07-24,5961.997
2008-07-25,5923.048
2008-07-28,5996.303
2008-07-29,5906.939
2008-07-30,6070.502
2008-07-31,6049.252
2008-08-01,5903.097
2008-08-04,5828.645
2008-08-05,5964.765
2008-08-06,6021.254
2008-08-07,6040.601
2008-08-08,5876.342
2008-08-11,5939.088
2008-08-12,5881.062
2008-08-13,5724.65
2008-08-14,5803.094
2008-08-15,5760.716
2008-08-18,5779.544
2008-08-19,5531.713
2008-08-20,5575.069
2008-08-21,5603.57
2008-08-22,5794.457
2008-08-25,5680.563
2008-08-26,5670.61
2008-08-27,5662.118
2008-08-28,5767.567
2008-08-29,5684.519
2008-09-01,5649.418
2008-09-02,5686.474
2008-09-03,5556.443
2008-09-04,5344.287
2008-09-05,5146.709
2008-09-08,5292.979
2008-09-09,5111.128
2008-09-10,5047.865
2008-09-11,4926.691
2008-09-12,5099.109
2008-09-15,4973.944
2008-09-16,4859.351
2008-09-17,4718.554
2008-09-18,4824.727
2008-09-19,5270.636
2008-09-22,5298.798
2008-09-23,5219.912
2008-09-24,5119.563
2008-09-25,5266.971
2008-09-26,5082.727
2008-09-29,4723.753
2008-09-30,4498.442
2008-10-01,4454.58
2008-10-02,4298.368
2008-10-03,4407.373
2008-10-06,3971.463
2008-10-07,4034.114
2008-10-08,3801.239
2008-10-09,3826.152
2008-10-10,3638.729
2008-10-13,3959.596
2008-10-14,3970.651
2008-10-15,3628.914
2008-10-16,3419.002
2008-10-17,3439.453
2008-10-20,3475.446
2008-10-21,3465.536
2008-10-22,3238.678
2008-10-23,3142.271
2008-10-24,2927.206
2008-10-27,2785.944
2008-10-28,2876.526
2008-10-29,3204.605
2008-10-30,3365.674
2008-10-31,3314.567
2008-11-03,3533.499
2008-11-04,3769.7
2008-11-05,3644.687
2008-11-06,3335.219
2008-11-07,3452.84
2008-11-10,3523.931
2008-11-11,3211.527
2008-11-12,3082.595
2008-11-13,3091.495
2008-11-14,3121.253
2008-11-17,3075.399
2008-11-18,3044.47
2008-11-19,2862.502
2008-11-20,2773.475
2008-11-21,2674.514
2008-11-24,3070.208
2008-11-25,3261.293
2008-11-26,3125.919
2008-11-27,3227.632
2008-11-28,3184.899
2008-12-01,2952.415
2008-12-02,3110.549
2008-12-03,3140.097
2008-12-04,3120.567
2008-12-05,2912.138
2008-12-08,3303.813
2008-12-09,3348.856
2008-12-10,3407.811
2008-12-11,3427.318
2008-12-12,3348.017
2008-12-15,3274.056
2008-12-16,3323.379
2008-12-17,3485.415
2008-12-18,3596.149
2008-12-19,3459.841
2008-12-22,3399.34
2008-12-23,3368.666
2008-12-24,3340.419
2008-12-25,3340.419
2008-12-26,3355.594
2008-12-29,3467.022
2008-12-30,3484.657
2008-12-31,3412.125
2009-01-01,3412.125
2009-01-02,3628.421
2009-01-05,3583.871
2009-01-06,3578.41
2009-01-07,3659.023
2009-01-08,3596.977
2009-01-09,3529.564
2009-01-12,3401.903
2009-01-13,3289.771
2009-01-14,3113.416
2009-01-15,3130.823
2009-01-16,3267.992
2009-01-19,3212.34
2009-01-20,3078.529
2009-01-21,3131.694
2009-01-22,3168.765
2009-01-23,3138.663
2009-01-26,3313.603
2009-01-27,3310.995
2009-01-28,3430.328
2009-01-29,3324.359
2009-01-30,3250.929
2009-02-02,3176.683
2009-02-03,3294.987
2009-02-04,3396.931
2009-02-05,3405.28
2009-02-06,3549.862
2009-02-09,3648.331
2009-02-10,3560.45
2009-02-11,3469.399
2009-02-12,3370.609
2009-02-13,3411.031
2009-02-16,3356.327
2009-02-17,3149.652
2009-02-18,3168.988
2009-02-19,3255.174
2009-02-20,3098.241
2009-02-23,3052.753
2009-02-24,3002.649
2009-02-25,3004.324
2009-02-26,3090.397
2009-02-27,3089.112
2009-03-02,2923.423
2009-03-03,2860.708
2009-03-04,2980.98
2009-03-05,2821.94
2009-03-06,2833.395
2009-03-09,2880.539
2009-03-10,3050.88
2009-03-11,3104.79
2009-03-12,3115.048
2009-03-13,3169.254
2009-03-16,3303.32
2009-03-17,3226.846
2009-03-18,3254.886
2009-03-19,3454.259
2009-03-20,3294.293
2009-03-23,3408.288
2009-03-24,3334.454
2009-03-25,3383.755
2009-03-26,3346.41
2009-03-27,3218.133
2009-03-30,3074.838
2009-03-31,3165.959
2009-04-01,3264.936
2009-04-02,3515.477
2009-04-03,3516.228
2009-04-06,3498.116
2009-04-07,3400.183
2009-04-08,3396.386
2009-04-09,3445.044
2009-04-10,3445.044
2009-04-13,3475.513
2009-04-14,3558.104
2009-04-15,3468.12
2009-04-16,3501.342
2009-04-17,3484.94
2009-04-20,3279.186
2009-04-21,3368.325
2009-04-22,3547.157
2009-04-23,3609.664
2009-04-24,3798.183
2009-04-27,3840.559
2009-04-28,3702.212
2009-04-29,3846.306
2009-04-30,3853.889
2009-05-01,3851.594
2009-05-04,4017.29
2009-05-05,4057.877
2009-05-06,4145.743
2009-05-07,4140.767
2009-05-08,4224.426
2009-05-11,4173.249
2009-05-12,4090.419
2009-05-13,3966.35
2009-05-14,4013.814
2009-05-15,4083.391
2009-05-18,4143.796
2009-05-19,4251.573
2009-05-20,4305.172
2009-05-21,4265.342
2009-05-22,4244.365
2009-05-25,4259.454
2009-05-26,4250.847
2009-05-27,4223.653
2009-05-28,4192.124
2009-05-29,4284.006
2009-06-01,4536.956
2009-06-02,4504.871
2009-06-03,4278.261
2009-06-04,4265.948
2009-06-05,4214.781
2009-06-08,4142.726
2009-06-09,4207.78
2009-06-10,4342.821
2009-06-11,4418.995
2009-06-12,4389.498
2009-06-15,4185.548
2009-06-16,4226.901
2009-06-17,4090.507
2009-06-18,4132.396
2009-06-19,4116.2
2009-06-22,3954.71
2009-06-23,3976.609
2009-06-24,4188.31
2009-06-25,4089.194
2009-06-26,4257.392
2009-06-29,4382.503
2009-06-30,4305.701
2009-07-01,4498.794
2009-07-02,4279.549
2009-07-03,4258.662
2009-07-06,4163.008
2009-07-07,4153.709
2009-07-08,4088.065
2009-07-09,4123.45
2009-07-10,4086.837
2009-07-13,4151.645
2009-07-14,4195.039
2009-07-15,4387.112
2009-07-16,4398.557
2009-07-17,4502.648
2009-07-20,4536.86
2009-07-21,4690.122
2009-07-22,4698.752
2009-07-23,4852.198
2009-07-24,4813.154
2009-07-27,4742.077
2009-07-28,4716.595
2009-07-29,4727.975
2009-07-30,4889.357
2009-07-31,5004.44
2009-08-03,5196.324
2009-08-04,5094.448
2009-08-05,5059.352
2009-08-06,5038.401
2009-08-07,5149.757
2009-08-10,5070.436
2009-08-11,4887.722
2009-08-12,5051.087
2009-08-13,5184.956
2009-08-14,5056.673
2009-08-17,4881.059
2009-08-18,4975.192
2009-08-19,4981.641
2009-08-20,5123.683
2009-08-21,5391.455
2009-08-24,5404.618
2009-08-25,5379.304
2009-08-26,5197.644
2009-08-27,5132.398
2009-08-28,5321.727
2009-08-31,5202.068
2009-09-01,5071.414
2009-09-02,4978.023
2009-09-03,4978.975
2009-09-04,5060.398
2009-09-07,5218.562
2009-09-08,5326.121
2009-09-09,5424.133
2009-09-10,5387.925
2009-09-11,5450.022
2009-09-14,5407.219
2009-09-15,5435.121
2009-09-16,5532.826
2009-09-17,5615.239
2009-09-18,5591.682
2009-09-21,5495.89
2009-09-22,5648.876
2009-09-23,5633.045
2009-09-24,5432.434
2009-09-25,5395.52
2009-09-28,5427.407
2009-09-29,5329.845
2009-09-30,5317.75
2009-10-01,5204.28
2009-10-02,5132.165
2009-10-05,5151.167
2009-10-06,5335.505
2009-10-07,5233.627
2009-10-08,5350.034
2009-10-09,5339.807
2009-10-12,5428.921
2009-10-13,5373.94
2009-10-14,5588.557
2009-10-15,5562.546
2009-10-16,5553.797
2009-10-19,5662.639
2009-10-20,5617.31
2009-10-21,5669.182
2009-10-22,5560.018
2009-10-23,5663.737
2009-10-26,5575.555
2009-10-27,5509.58
2009-10-28,5373.556
2009-10-29,5538.875
2009-10-30,5533.52
2009-11-02,5507.039
2009-11-03,5356.842
2009-11-04,5556.291
2009-11-05,5643.759
2009-11-06,5575.198
2009-11-09,5837.847
2009-11-10,5827.349
2009-11-11,5895.516
2009-11-12,5873.001
2009-11-13,5896.707
2009-11-16,5969.295
2009-11-17,5821.67
2009-11-18,5874.914
2009-11-19,5694.421
2009-11-20,5674.2
2009-11-23,5889.217
2009-11-24,5762.118
2009-11-25,5815.427
2009-11-26,5551.481
2009-11-27,5662.388
2009-11-30,5555.297
2009-12-01,5724.807
2009-12-02,5800.088
2009-12-03,5738.544
2009-12-04,5728.764
2009-12-07,5644.868
2009-12-08,5513.077
2009-12-09,5482.382
2009-12-10,5509.624
2009-12-11,5514.886
2009-12-14,5566.901
2009-12-15,5453.871
2009-12-16,5521.863
2009-12-17,5339.264
2009-12-18,5278.472
2009-12-21,5374.847
2009-12-22,5383.94
2009-12-23,5436.494
2009-12-24,5417.476
2009-12-25,5417.476
2009-12-28,5500.063
2009-12-29,5531.627
2009-12-30,5448.291
2009-12-31,5475.99
2010-01-01,5475.99
2010-01-04,5638.217
2010-01-05,5636.15
2010-01-06,5626.854
2010-01-07,5622.766
2010-01-08,5631.293
2010-01-11,5773.72
2010-01-12,5699.916
2010-01-13,5748.037
2010-01-14,5781.501
2010-01-15,5703.357
2010-01-18,5759.96
2010-01-19,5730.883
2010-01-20,5542.73
2010-01-21,5487.327
2010-01-22,5464.804
2010-01-25,5450.825
2010-01-26,5383.513
2010-01-27,5382.42
2010-01-28,5332.882
2010-01-29,5425.851
2010-02-01,5555.859
2010-02-02,5609.603
2010-02-03,5591.231
2010-02-04,5380.444
2010-02-05,5267.969
2010-02-08,5293.655
2010-02-09,5354.988
2010-02-10,5361.174
2010-02-11,5411.755
2010-02-12,5360.436
2010-02-15,5319.328
2010-02-16,5404.381
2010-02-17,5494.573
2010-02-18,5510.446
2010-02-19,5503.223
2010-02-22,5526.055
2010-02-23,5435.885
2010-02-24,5479.38
2010-02-25,5417.908
2010-02-26,5544.972
2010-03-01,5560.85
2010-03-02,5621.715
2010-03-03,5709.32
2010-03-04,5733.015
2010-03-05,5838.512
2010-03-08,5900.365
2010-03-09,5836.545
2010-03-10,5955.752
2010-03-11,5958.689
2010-03-12,6055.501
2010-03-15,5974.888
2010-03-16,6076.031
2010-03-17,6117.1
2010-03-18,6019.97
2010-03-19,6035.556
2010-03-22,6008.09
2010-03-23,6089.347
2010-03-24,5996.424
2010-03-25,6066.032
2010-03-26,6017.044
2010-03-29,5998.653
2010-03-30,5962.381
2010-03-31,6020.186
2010-04-01,6127.993
2010-04-02,6127.993
2010-04-05,6140.186
2010-04-06,6149.803
2010-04-07,6088.274
2010-04-08,6119.331
2010-04-09,6170.715
2010-04-12,6233.781
2010-04-13,6238.618
2010-04-14,6330.757
2010-04-15,6362.58
2010-04-16,6325.961
2010-04-19,6270.482
2010-04-20,6403.26
2010-04-21,6307.279
2010-04-22,6250.875
2010-04-23,6549.886
2010-04-26,6579.264
2010-04-27,6391.844
2010-04-28,6295.75
2010-04-29,6468.82
2010-04-30,6467.556
2010-05-03,6471.668
2010-05-04,6202.405
2010-05-05,5935.437
2010-05-06,5720.432
2010-05-07,5444.278
2010-05-10,5942.583
2010-05-11,5811.352
2010-05-12,6001.763
2010-05-13,5947.378
2010-05-14,5702.803
2010-05-17,5704.004
2010-05-18,5813.743
2010-05-19,5532.483
2010-05-20,5303.961
2010-05-21,5433.775
2010-05-24,5408.828
2010-05-25,5152.477
2010-05-26,5350.355
2010-05-27,5518.388
2010-05-28,5576.072
2010-05-31,5589.725
2010-06-01,5625.724
2010-06-02,5646.11
2010-06-03,5770.885
2010-06-04,5575.131
2010-06-07,5425.81
2010-06-08,5364.333
2010-06-09,5590.214
2010-06-10,5763.554
2010-06-11,5721.77
2010-06-14,5912.63
2010-06-15,6003.941
2010-06-16,5972.079
2010-06-17,5982.763
2010-06-18,6047.878
2010-06-21,6130.003
2010-06-22,6062.661
2010-06-23,5974.777
2010-06-24,5834.529
2010-06-25,5839.631
2010-06-28,5885.713
2010-06-29,5615.364
2010-06-30,5676.754
2010-07-01,5555.445
2010-07-02,5658.755
2010-07-05,5603.023
2010-07-06,5822.401
2010-07-07,5859.619
2010-07-08,5878.538
2010-07-09,5986.897
2010-07-12,5985.137
2010-07-13,6224.347
2010-07-14,6318.08
2010-07-15,6284.395
2010-07-16,6155.001
2010-07-19,6096.317
2010-07-20,6073.228
2010-07-21,6195.712
2010-07-22,6376.931
2010-07-23,6338.152
2010-07-26,6386.083
2010-07-27,6346.013
2010-07-28,6301.226
2010-07-29,6302.407
2010-07-30,6313.371
2010-08-02,6580.547
2010-08-03,6581.484
2010-08-04,6535.192
2010-08-05,6546.944
2010-08-06,6555.797
2010-08-09,6593.102
2010-08-10,6434.44
2010-08-11,6147.973
2010-08-12,6090.103
2010-08-13,6037.556
2010-08-16,6225.426
2010-08-17,6334.738
2010-08-18,6314.262
2010-08-19,6196.462
2010-08-20,6040.967
2010-08-23,6042.591
2010-08-24,5910.526
2010-08-25,5857.974
2010-08-26,6021.614
2010-08-27,6106.655
2010-08-30,6043.986
2010-08-31,6087.274
2010-09-01,6401.548
2010-09-02,6380.361
2010-09-03,6453.929
2010-09-06,6494.997
2010-09-07,6391.322
2010-09-08,6499.912
2010-09-09,6535.51
2010-09-10,6580.952
2010-09-13,6726.592
2010-09-14,6812.269
2010-09-15,6822.22
2010-09-16,6834.256
2010-09-17,6892.511
2010-09-20,7035.81
2010-09-21,7087.19
2010-09-22,7162.23
2010-09-23,7024.187
2010-09-24,7291.981
2010-09-27,7194.736
2010-09-28,7291.004
2010-09-29,7254.54
2010-09-30,7271.455
2010-10-01,7221.432
2010-10-04,7063.29
2010-10-05,7279.706
2010-10-06,7258.233
2010-10-07,7282.306
2010-10-08,7214.135
2010-10-11,7294.225
2010-10-12,7249.892
2010-10-13,7438.063
2010-10-14,7496.565
2010-10-15,7395.846
2010-10-18,7339.41
2010-10-19,7206.179
2010-10-20,7400.127
2010-10-21,7577.98
2010-10-22,7462.609
2010-10-25,7519.172
2010-10-26,7347.705
2010-10-27,7220.71
2010-10-28,7227.616
2010-10-29,7227.989
2010-11-01,7309.128
2010-11-02,7407.015
2010-11-03,7375.552
2010-11-04,7673.183
2010-11-05,7506.837
2010-11-08,7457.44
2010-11-09,7559.145
2010-11-10,7388.046
2010-11-11,7320.563
2010-11-12,7260.471
2010-11-15,7282.68
2010-11-16,7072.258
2010-11-17,7106.699
2010-11-18,7296.249
2010-11-19,7344.916
2010-11-22,7319.401
2010-11-23,7149.686
2010-11-24,7286.587
2010-11-25,7343.566
2010-11-26,7270.496
2010-11-29,7221.741
2010-11-30,7260.078
2010-12-01,7487.562
2010-12-02,7675.081
2010-12-03,7847.56
2010-12-06,7792.975
2010-12-07,7817.139
2010-12-08,7688.917
2010-12-09,7581.555
2010-12-10,7665.834
2010-12-13,7797.779
2010-12-14,7880.611
2010-12-15,7885.885
2010-12-16,7808.64
2010-12-17,7817.756
2010-12-20,7786.465
2010-12-21,7926.023
2010-12-22,7876.527
2010-12-23,7853.075
2010-12-24,7865.615
2010-12-27,7868.328
2010-12-28,7835.889
2010-12-29,7889.554
2010-12-30,7942.908
2010-12-31,7991.348
2011-01-03,8198.424
2011-01-04,8083.932
2011-01-05,7879.832
2011-01-06,7782.429
2011-01-07,7805.736
2011-01-10,7770.331
2011-01-11,7976.538
2011-01-12,8041.453
2011-01-13,8102.015
2011-01-14,8081.959
2011-01-17,8005.163
2011-01-18,8082.583
2011-01-19,7947.12
2011-01-20,7709.763
2011-01-21,7912.263
2011-01-24,7911.697
2011-01-25,8022.52
2011-01-26,8264.83
2011-01-27,8212.298
2011-01-28,7997.709
2011-01-31,8032.542
2011-02-01,8002.964
2011-02-02,7787.723
2011-02-03,7793.311
2011-02-04,7858.28
2011-02-07,7894.984
2011-02-08,7927.713
2011-02-09,7913.704
2011-02-10,7817.649
2011-02-11,7938.067
2011-02-14,7860.849
2011-02-15,7815.699
2011-02-16,7851.413
2011-02-17,7760.05
2011-02-18,7826.686
2011-02-21,7804.699
2011-02-22,7807.221
2011-02-23,7690.581
2011-02-24,7735.502
2011-02-25,7799.417
2011-02-28,8030.449
2011-03-01,7989.364
2011-03-02,7852.72
2011-03-03,7914.83
2011-03-04,7920.224
2011-03-07,7973.21
2011-03-08,7961.467
2011-03-09,8077.622
2011-03-10,7930.415
2011-03-11,7815.272
2011-03-14,7768.031
2011-03-15,7511.709
2011-03-16,7407.888
2011-03-17,7594.113
2011-03-18,7864.623
2011-03-21,8048.081
2011-03-22,7989.888
2011-03-23,8009.499
2011-03-24,8206.729
2011-03-25,8164.779
2011-03-28,8188.029
2011-03-29,8196.252
2011-03-30,8298.18
2011-03-31,8292.505
2011-04-01,8353.619
2011-04-04,8422.395
2011-04-05,8376.024
2011-04-06,8504.314
2011-04-07,8387.497
2011-04-08,8559.211
2011-04-11,8477.765
2011-04-12,8292.576
2011-04-13,8416.227
2011-04-14,8405.206
2011-04-15,8399.677
2011-04-18,8093.567
2011-04-19,8374.942
2011-04-20,8747.216
2011-04-21,8838.106
2011-04-22,8838.106
2011-04-25,8840.283
2011-04-26,8921.775
2011-04-27,8904.067
2011-04-28,9038.546
2011-04-29,9145.02
2011-05-02,9193.267
2011-05-03,9066.223
2011-05-04,8984.614
2011-05-05,8786.376
2011-05-06,8841.127
2011-05-09,8753.256
2011-05-10,8921.533
2011-05-11,8920.671
2011-05-12,8755.992
2011-05-13,8753.538
2011-05-16,8855.248
2011-05-17,8678.397
2011-05-18,8749.776
2011-05-19,8865.03
2011-05-20,8784.852
2011-05-23,8497.279
2011-05-24,8531.664
2011-05-25,8616.124
2011-05-26,8548.126
2011-05-27,8762.867
2011-05-30,8771.341
2011-05-31,8871.256
2011-06-01,8937.437
2011-06-02,8872.704
2011-06-03,8759.078
2011-06-06,8729.15
2011-06-07,8751.956
2011-06-08,8479.667
2011-06-09,8503.046
2011-06-10,8186.83
2011-06-13,8131.611
2011-06-14,8296.45
2011-06-15,8034.285
2011-06-16,7875.489
2011-06-17,7997.355
2011-06-20,7887.977
2011-06-21,8148.566
2011-06-22,8049.97
2011-06-23,7696.482
2011-06-24,7719.451
2011-06-27,7942.134
2011-06-28,7978.992
2011-06-29,8269.555
2011-06-30,8455.952
2011-07-01,8486.03
2011-07-04,8586.224
2011-07-05,8608.596
2011-07-06,8440.05
2011-07-07,8626.97
2011-07-08,8408.865
2011-07-11,8063.479
2011-07-12,8043.784
2011-07-13,8266.05
2011-07-14,8091.93
2011-07-15,7965.562
2011-07-18,7645.759
2011-07-19,7892.878
2011-07-20,8033.661
2011-07-21,8137.58
2011-07-22,8159.983
2011-07-25,8132.011
2011-07-26,8144.592
2011-07-27,8032.198
2011-07-28,7959.22
2011-07-29,7994.814
2011-08-01,7701.115
2011-08-02,7494.93
2011-08-03,7244.798
2011-08-04,6766.385
2011-08-05,6847.194
2011-08-08,6479.273
2011-08-09,6747.221
2011-08-10,6517.586
2011-08-11,6840.247
2011-08-12,6960.94
2011-08-15,7134.877
2011-08-16,7075.963
2011-08-17,7161.998
2011-08-18,6548.868
2011-08-19,6488.286
2011-08-22,6557.101
2011-08-23,6692.215
2011-08-24,6801.096
2011-08-25,6664.646
2011-08-26,6675.071
2011-08-29,6910.592
2011-08-30,6842.682
2011-08-31,7118.2
2011-09-01,7092.685
2011-09-02,6849.592
2011-09-05,6490.992
2011-09-06,6534.011
2011-09-07,6814.456
2011-09-08,6815.252
2011-09-09,6495.121
2011-09-12,6184.648
2011-09-13,6239.75
2011-09-14,6279.825
2011-09-15,6615.599
2011-09-16,6602.274
2011-09-19,6311.087
2011-09-20,6575.906
2011-09-21,6416.548
2011-09-22,5873.864
2011-09-23,5872.604
2011-09-26,5909.423
2011-09-27,6387.642
2011-09-28,6168.498
2011-09-29,6371.184
2011-09-30,6081.655
2011-10-03,5996.86
2011-10-04,5723.128
2011-10-05,5959.531
2011-10-06,6151.146
2011-10-07,6223.696
2011-10-10,6483.144
2011-10-11,6452.514
2011-10-12,6640.209
2011-10-13,6429.456
2011-10-14,6656.47
2011-10-17,6533.455
2011-10-18,6554.598
2011-10-19,6581.028
2011-10-20,6474.024
2011-10-21,6787.046
2011-10-24,6901.782
2011-10-25,6876.747
2011-10-26,6933.882
2011-10-27,7518.913
2011-10-28,7522.103
2011-10-31,7135.436
2011-11-01,6650.717
2011-11-02,6838.396
2011-11-03,6973.662
2011-11-04,6959.147
2011-11-07,6873.391
2011-11-08,6927.704
2011-11-09,6639.275
2011-11-10,6597.433
2011-11-11,6877.148
2011-11-14,6704.287
2011-11-15,6600.893
2011-11-16,6585.579
2011-11-17,6480.944
2011-11-18,6425.763
2011-11-21,6137.291
2011-11-22,6154.754
2011-11-23,5958.887
2011-11-24,5923.913
2011-11-25,5910.563
2011-11-28,6210.047
2011-11-29,6318.225
2011-11-30,6805.136
2011-12-01,6727.488
2011-12-02,6786.359
2011-12-05,6899.691
2011-12-06,6748.871
2011-12-07,6791.191
2011-12-08,6564.392
2011-12-09,6655.032
2011-12-12,6408.367
2011-12-13,6408.205
2011-12-14,6226.575
2011-12-15,6317.355
2011-12-16,6339.36
2011-12-19,6335.868
2011-12-20,6542.842
2011-12-21,6499.94
2011-12-22,6587.471
2011-12-23,6631.696
2011-12-26,6631.696
2011-12-27,6651.388
2011-12-28,6533.461
2011-12-29,6598.851
2011-12-30,6746.009
2012-01-02,6822.805
2012-01-03,6989.476
2012-01-04,6872.749
2012-01-05,6816.199
2012-01-06,6796.7
2012-01-09,6796.043
2012-01-10,6959.291
2012-01-11,6883.144
2012-01-12,6915.587
2012-01-13,6809.272
2012-01-16,6826.551
2012-01-17,6974.823
2012-01-18,7074.897
2012-01-19,7190.159
2012-01-20,7155.228
2012-01-23,7282.143
2012-01-24,7170.206
2012-01-25,7110.556
2012-01-26,7310.988
2012-01-27,7245.906
2012-01-30,7178.662
2012-01-31,7176.906
2012-02-01,7450.001
2012-02-02,7466.895
2012-02-03,7577.256
2012-02-06,7532.132
2012-02-07,7573.224
2012-02-08,7592.066
2012-02-09,7629.008
2012-02-10,7514.229
2012-02-13,7589.621
2012-02-14,7539.532
2012-02-15,7615.92
2012-02-16,7619.0
2012-02-17,7733.179
2012-02-20,7929.636
2012-02-21,7878.937
2012-02-22,7776.39
2012-02-23,7810.849
2012-02-24,7932.565
2012-02-27,7823.694
2012-02-28,7904.36
2012-02-29,7907.99
2012-03-01,7859.45
2012-03-02,7757.449
2012-03-05,7705.624
2012-03-06,7299.892
2012-03-07,7325.824
2012-03-08,7690.766
2012-03-09,7569.034
2012-03-12,7552.754
2012-03-13,7671.822
2012-03-14,7634.987
2012-03-15,7756.636
2012-03-16,7867.637
2012-03-19,7879.165
2012-03-20,7668.09
2012-03-21,7612.462
2012-03-22,7475.677
2012-03-23,7582.625
2012-03-26,7815.004
2012-03-27,7769.578
2012-03-28,7716.083
2012-03-29,7568.316
2012-03-30,7749.573
2012-04-02,7881.957
2012-04-03,7880.031
2012-04-04,7480.237
2012-04-05,7416.388
2012-04-06,7416.388
2012-04-09,7361.45
2012-04-10,7194.461
2012-04-11,7292.911
2012-04-12,7516.636
2012-04-13,7314.966
2012-04-16,7381.529
2012-04-17,7524.028
2012-04-18,7430.362
2012-04-19,7525.855
2012-04-20,7646.508
2012-04-23,7210.052
2012-04-24,7349.123
2012-04-25,7468.063
2012-04-26,7487.054
2012-04-27,7651.792
2012-04-30,7667.31
2012-05-01,7662.181
2012-05-02,7586.067
2012-05-03,7660.039
2012-05-04,7432.968
2012-05-07,7406.736
2012-05-08,7238.612
2012-05-09,7218.335
2012-05-10,7268.974
2012-05-11,7299.066
2012-05-14,7010.381
2012-05-15,6905.022
2012-05-16,6780.347
2012-05-17,6727.628
2012-05-18,6526.48
2012-05-21,6730.11
2012-05-22,6938.113
2012-05-23,6663.865
2012-05-24,6776.038
2012-05-25,6729.806
2012-05-28,6785.011
2012-05-29,6900.201
2012-05-30,6724.079
2012-05-31,6599.51
2012-06-01,6432.428
2012-06-04,6428.234
2012-06-05,6437.8
2012-06-06,6436.282
2012-06-07,6708.128
2012-06-08,6630.788
2012-06-11,6750.885
2012-06-12,6763.829
2012-06-13,6706.265
2012-06-14,6678.91
2012-06-15,6754.482
2012-06-18,6744.218
2012-06-19,6933.759
2012-06-20,7079.709
2012-06-21,6999.374
2012-06-22,6975.144
2012-06-25,6738.074
2012-06-26,6684.433
2012-06-27,6759.832
2012-06-28,6664.348
2012-06-29,7116.32
2012-07-02,7123.832
2012-07-03,7239.412
2012-07-04,7259.021
2012-07-05,7213.801
2012-07-06,7050.059
2012-07-09,7015.024
2012-07-10,7118.18
2012-07-11,7054.224
2012-07-12,6930.506
2012-07-13,7079.641
2012-07-16,7070.085
2012-07-17,7035.74
2012-07-18,7140.443
2012-07-19,7289.955
2012-07-20,7262.547
2012-07-23,7060.645
2012-07-24,7083.319
2012-07-25,7124.008
2012-07-26,7354.686
2012-07-27,7444.76
2012-07-30,7561.287
2012-07-31,7568.679
2012-08-01,7578.612
2012-08-02,7467.764
2012-08-03,7722.407
2012-08-06,7766.953
2012-08-07,7746.648
2012-08-08,7778.348
2012-08-09,7824.921
2012-08-10,7845.221
2012-08-13,7781.133
2012-08-14,7766.626
2012-08-15,7717.001
2012-08-16,7725.549
2012-08-17,7805.291
2012-08-20,7803.973
2012-08-21,7845.457
2012-08-22,7624.129
2012-08-23,7634.261
2012-08-24,7659.285
2012-08-27,7720.127
2012-08-28,7544.062
2012-08-29,7476.216
2012-08-30,7412.81
2012-08-31,7541.826
2012-09-03,7503.047
2012-09-04,7378.876
2012-09-05,7383.722
2012-09-06,7504.31
2012-09-07,7786.614
2012-09-10,7734.742
2012-09-11,7819.2
2012-09-12,7911.3
2012-09-13,7846.017
2012-09-14,8186.364
2012-09-17,8074.715
2012-09-18,8032.919
2012-09-19,8157.531
2012-09-20,8064.238
2012-09-21,8031.271
2012-09-24,7998.438
2012-09-25,8091.286
2012-09-26,7859.545
2012-09-27,7914.966
2012-09-28,7823.176
2012-10-01,7930.236
2012-10-02,7893.722
2012-10-03,7767.432
2012-10-04,7882.291
2012-10-05,8005.127
2012-10-08,7844.926
2012-10-09,7760.995
2012-10-10,7672.344
2012-10-11,7682.547
2012-10-12,7637.672
2012-10-15,7700.495
2012-10-16,7803.119
2012-10-17,7912.212
2012-10-18,7982.354
2012-10-19,7828.81
2012-10-22,7847.79
2012-10-23,7601.113
2012-10-24,7613.639
2012-10-25,7651.598
2012-10-26,7697.84
2012-10-29,7717.085
2012-10-30,7797.93
2012-10-31,7742.198
2012-11-01,7813.129
2012-11-02,7836.939
2012-11-05,7793.044
2012-11-06,7849.572
2012-11-07,7719.512
2012-11-08,7679.533
2012-11-09,7619.972
2012-11-12,7615.815
2012-11-13,7585.927
2012-11-14,7565.127
2012-11-15,7493.038
2012-11-16,7369.745
2012-11-19,7626.481
2012-11-20,7636.254
2012-11-21,7675.823
2012-11-22,7792.785
2012-11-23,7931.657
2012-11-26,7942.191
2012-11-27,7897.44
2012-11-28,7876.247
2012-11-29,7974.246
2012-11-30,8004.682
2012-12-03,8052.639
2012-12-04,8086.373
2012-12-05,8087.396
2012-12-06,8108.794
2012-12-07,8065.986
2012-12-10,8084.271
2012-12-11,8204.893
2012-12-12,8143.188
2012-12-13,8005.291
2012-12-14,8021.787
2012-12-17,8126.362
2012-12-18,8237.587
2012-12-19,8324.417
2012-12-20,8340.775
2012-12-21,8307.064
2012-12-24,8296.202
2012-12-25,8296.202
2012-12-26,8326.125
2012-12-27,8365.256
2012-12-28,8327.969
2012-12-31,8334.818
2013-01-01,8334.818
2013-01-02,8570.169
2013-01-03,8484.827
2013-01-04,8474.961
2013-01-07,8441.697
2013-01-08,8360.965
2013-01-09,8330.105
2013-01-10,8384.93
2013-01-11,8419.892
2013-01-14,8446.066
2013-01-15,8417.301
2013-01-16,8417.199
2013-01-17,8460.013
2013-01-18,8407.753
2013-01-21,8477.159
2013-01-22,8462.853
2013-01-23,8485.843
2013-01-24,8579.1
2013-01-25,8727.786
2013-01-28,8786.242
2013-01-29,8827.144
2013-01-30,8850.504
2013-01-31,8679.231
2013-02-01,8849.094
2013-02-04,8699.708
2013-02-05,8720.834
2013-02-06,8764.456
2013-02-07,8553.724
2013-02-08,8613.691
2013-02-11,8603.982
2013-02-12,8686.603
2013-02-13,8856.656
2013-02-14,8786.704
2013-02-15,8797.385
2013-02-18,8763.838
2013-02-19,8853.953
2013-02-20,8927.451
2013-02-21,8662.418
2013-02-22,8747.535
2013-02-25,8718.43
2013-02-26,8503.826
2013-02-27,8614.565
2013-02-28,8659.125
2013-03-01,8632.809
2013-03-04,8665.886
2013-03-05,8807.605
2013-03-06,8783.822
2013-03-07,8852.537
2013-03-08,8792.249
2013-03-11,8807.528
2013-03-12,8773.859
2013-03-13,8668.555
2013-03-14,8693.372
2013-03-15,8752.868
2013-03-18,8634.533
2013-03-19,8484.764
2013-03-20,8483.172
2013-03-21,8405.965
2013-03-22,8462.758
2013-03-25,8431.237
2013-03-26,8494.353
2013-03-27,8487.657
2013-03-28,8566.957
2013-03-29,8566.957
2013-04-01,8559.716
2013-04-02,8643.075
2013-04-03,8581.273
2013-04-04,8401.9
2013-04-05,8447.634
2013-04-08,8478.845
2013-04-09,8547.624
2013-04-10,8729.231
2013-04-11,8821.771
2013-04-12,8684.974
2013-04-15,8578.558
2013-04-16,8519.75
2013-04-17,8206.149
2013-04-18,8218.791
2013-04-19,8183.309
2013-04-22,8155.895
2013-04-23,8259.358
2013-04-24,8269.842
2013-04-25,8416.633
2013-04-26,8460.943
2013-04-29,8514.361
2013-04-30,8645.919
2013-05-01,8653.204
2013-05-02,8506.343
2013-05-03,8662.349
2013-05-06,8645.77
2013-05-07,8637.554
2013-05-08,8778.035
2013-05-09,8738.926
2013-05-10,8710.997
2013-05-13,8726.863
2013-05-14,8705.281
2013-05-15,8668.183
2013-05-16,8770.688
2013-05-17,8746.868
2013-05-20,8793.783
2013-05-21,8871.174
2013-05-22,8926.214
2013-05-23,8674.258
2013-05-24,8662.319
2013-05-27,8776.195
2013-05-28,8763.358
2013-05-29,8685.227
2013-05-30,8821.462
2013-05-31,8629.601
2013-06-03,8749.845
2013-06-04,8719.746
2013-06-05,8544.839
2013-06-06,8577.124
2013-06-07,8570.015
2013-06-10,8560.701
2013-06-11,8513.227
2013-06-12,8564.421
2013-06-13,8520.319
2013-06-14,8657.02
2013-06-17,8698.217
2013-06-18,8717.423
2013-06-19,8770.457
2013-06-20,8224.391
2013-06-21,8126.087
2013-06-24,7806.04
2013-06-25,7986.03
2013-06-26,8077.414
2013-06-27,8137.222
2013-06-28,8057.698
2013-07-01,8248.759
2013-07-02,8235.444
2013-07-03,8135.608
2013-07-04,8315.16
2013-07-05,8103.7
2013-07-08,8205.24
2013-07-09,8283.203
2013-07-10,8381.124
2013-07-11,8595.415
2013-07-12,8600.093
2013-07-15,8609.528
2013-07-16,8799.944
2013-07-17,8818.493
2013-07-18,8771.756
2013-07-19,8847.244
2013-07-22,8875.93
2013-07-23,8929.993
2013-07-24,8984.897
2013-07-25,8958.62
2013-07-26,8978.007
2013-07-29,8977.804
2013-07-30,8932.691
2013-07-31,8949.026
2013-08-01,8951.33
2013-08-02,8945.478
2013-08-05,8967.651
2013-08-06,8997.379
2013-08-07,8977.787
2013-08-08,9074.683
2013-08-09,9101.981
2013-08-12,9063.204
2013-08-13,9114.969
2013-08-14,9205.202
2013-08-15,9014.556
2013-08-16,9125.243
2013-08-19,9139.777
2013-08-20,9142.273
2013-08-21,8887.821
2013-08-22,9035.567
2013-08-23,9127.074
2013-08-26,9147.009
2013-08-27,9052.7
2013-08-28,8959.411
2013-08-29,8882.063
2013-08-30,8769.994
2013-09-02,8937.635
2013-09-03,8957.252
2013-09-04,9019.028
2013-09-05,8934.863
2013-09-06,9026.383
2013-09-09,9123.991
2013-09-10,9300.023
2013-09-11,9359.462
2013-09-12,9364.073
2013-09-13,9287.496
2013-09-16,9532.34
2013-09-17,9545.22
2013-09-18,9561.015
2013-09-19,9857.604
2013-09-20,9772.33
2013-09-23,9674.064
2013-09-24,9687.731
2013-09-25,9545.253
2013-09-26,9624.117
2013-09-27,9570.531
2013-09-30,9492.386
2013-10-01,9649.825
2013-10-02,9552.279
2013-10-03,9542.054
2013-10-04,9398.31
2013-10-07,9319.993
2013-10-08,9282.626
2013-10-09,9151.1
2013-10-10,9288.949
2013-10-11,9384.938
2013-10-14,9333.653
2013-10-15,9279.558
2013-10-16,9245.163
2013-10-17,9309.286
2013-10-18,9436.193
2013-10-21,9531.74
2013-10-22,9613.431
2013-10-23,9565.028
2013-10-24,9637.747
2013-10-25,9527.811
2013-10-28,9446.113
2013-10-29,9385.558
2013-10-30,9382.693
2013-10-31,9187.956
2013-11-01,9021.838
2013-11-04,9121.878
2013-11-05,9025.408
2013-11-06,9175.266
2013-11-07,9161.073
2013-11-08,9049.235
2013-11-11,9145.889
2013-11-12,8986.222
2013-11-13,8870.441
2013-11-14,9009.439
2013-11-15,9059.525
2013-11-18,9194.999
2013-11-19,9107.486
2013-11-20,9115.042
2013-11-21,9031.953
2013-11-22,9172.102
2013-11-25,9241.235
2013-11-26,9239.296
2013-11-27,9294.211
2013-11-28,9331.875
2013-11-29,9298.973
2013-12-02,9258.512
2013-12-03,9148.956
2013-12-04,9148.821
2013-12-05,9088.497
2013-12-06,9076.502
2013-12-09,9100.774
2013-12-10,9031.755
2013-12-11,8979.69
2013-12-12,8822.276
2013-12-13,8850.448
2013-12-16,8951.839
2013-12-17,8892.063
2013-12-18,9015.746
2013-12-19,9117.257
2013-12-20,9156.273
2013-12-23,9249.756
2013-12-24,9214.928
2013-12-25,9214.928
2013-12-26,9251.239
2013-12-27,9416.727
2013-12-30,9516.923
2013-12-31,9522.11
2014-01-01,9522.11
2014-01-02,9367.251
2014-01-03,9348.387
2014-01-06,9341.5
2014-01-07,9326.803
2014-01-08,9260.317
2014-01-09,9204.277
2014-01-10,9378.807
2014-01-13,9342.346
2014-01-14,9398.895
2014-01-15,9454.057
2014-01-16,9489.237
2014-01-17,9550.485
2014-01-20,9505.006
2014-01-21,9494.134
2014-01-22,9584.152
2014-01-23,9484.252
2014-01-24,9309.047
2014-01-27,9349.78
2014-01-28,9441.112
2014-01-29,9352.581
2014-01-30,9191.09
2014-01-31,9187.432
2014-02-03,9053.418
2014-02-04,9012.832
2014-02-05,9054.593
2014-02-06,9280.72
2014-02-07,9312.12
2014-02-10,9351.249
2014-02-11,9581.744
2014-02-12,9520.391
2014-02-13,9501.284
2014-02-14,9586.445
2014-02-17,9616.904
2014-02-18,9464.017
2014-02-19,9513.747
2014-02-20,9452.961
2014-02-21,9496.618
2014-02-24,9666.79
2014-02-25,9666.447
2014-02-26,9647.565
2014-02-27,9599.067
2014-02-28,9772.916
2014-03-03,9474.477
2014-03-04,9666.719
2014-03-05,9711.955
2014-03-06,9856.079
2014-03-07,9729.593
2014-03-10,9729.783
2014-03-11,9729.696
2014-03-12,9622.922
2014-03-13,9570.438
2014-03-14,9524.497
2014-03-17,9729.721
2014-03-18,9814.925
2014-03-19,9760.466
2014-03-20,9673.146
2014-03-21,9655.191
2014-03-24,9547.314
2014-03-25,9664.456
2014-03-26,9666.98
2014-03-27,9582.642
2014-03-28,9588.763
2014-03-31,9738.226
2014-04-01,9855.477
2014-04-02,9837.632
2014-04-03,9718.911
2014-04-04,9754.356
2014-04-07,9689.399
2014-04-08,9785.462
2014-04-09,9819.707
2014-04-10,9722.915
2014-04-11,9656.879
2014-04-14,9665.194
2014-04-15,9535.107
2014-04-16,9581.836
2014-04-17,9588.762
2014-04-18,9588.762
2014-04-21,9553.312
2014-04-22,9798.282
2014-04-23,9648.191
2014-04-24,9697.692
2014-04-25,9638.784
2014-04-28,9670.614
2014-04-29,9714.608
2014-04-30,9796.161
2014-05-01,9818.308
2014-05-02,9794.654
2014-05-05,9731.103
2014-05-06,9767.251
2014-05-07,9726.804
2014-05-08,9819.405
2014-05-09,9751.201
2014-05-12,9857.13
2014-05-13,9945.935
2014-05-14,9959.613
2014-05-15,10029.659
2014-05-16,9950.363
2014-05-19,9922.63
2014-05-20,9918.602
2014-05-21,9945.185
2014-05-22,9962.839
2014-05-23,9878.791
2014-05-26,9914.269
2014-05-27,9897.188
2014-05-28,9835.322
2014-05-29,9851.776
2014-05-30,9846.936
2014-06-02,9798.708
2014-06-03,9782.972
2014-06-04,9838.505
2014-06-05,9714.469
2014-06-06,9795.737
2014-06-09,9816.513
2014-06-10,9816.116
2014-06-11,9799.928
2014-06-12,9808.29
2014-06-13,9823.883
2014-06-16,9786.026
2014-06-17,9761.103
2014-06-18,9687.927
2014-06-19,9730.476
2014-06-20,9656.195
2014-06-23,9783.481
2014-06-24,9787.051
2014-06-25,9632.317
2014-06-26,9549.798
2014-06-27,9618.657
2014-06-30,9687.061
2014-07-01,9691.262
2014-07-02,9710.258
2014-07-03,9741.553
2014-07-04,9650.375
2014-07-07,9626.618
2014-07-08,9520.151
2014-07-09,9549.5
2014-07-10,9414.567
2014-07-11,9395.169
2014-07-14,9540.074
2014-07-15,9428.439
2014-07-16,9549.451
2014-07-17,9488.382
2014-07-18,9517.51
2014-07-21,9469.492
2014-07-22,9580.81
2014-07-23,9576.072
2014-07-24,9601.821
2014-07-25,9617.764
2014-07-28,9576.05
2014-07-29,9536.619
2014-07-30,9459.047
2014-07-31,9313.642
2014-08-01,9266.943
2014-08-04,9230.993
2014-08-05,9301.619
2014-08-06,9137.578
2014-08-07,9079.923
2014-08-08,9112.593
2014-08-11,9361.988
2014-08-12,9289.756
2014-08-13,9361.103
2014-08-14,9349.753
2014-08-15,9326.988
2014-08-18,9445.763
2014-08-19,9501.331
2014-08-20,9428.822
2014-08-21,9495.821
2014-08-22,9440.843
2014-08-25,9511.202
2014-08-26,9531.113
2014-08-27,9522.492
2014-08-28,9380.362
2014-08-29,9404.664
2014-09-01,9348.73
2014-09-02,9353.413
2014-09-03,9429.383
2014-09-04,9365.419
2014-09-05,9271.51
2014-09-08,9328.047
2014-09-09,9227.748
2014-09-10,9263.194
2014-09-11,9236.028
2014-09-12,9238.541
2014-09-15,9313.568
2014-09-16,9321.924
2014-09-17,9359.505
2014-09-18,9468.561
2014-09-19,9425.034
2014-09-22,9354.953
2014-09-23,9253.616
2014-09-24,9223.192
2014-09-25,9035.774
2014-09-26,8981.509
2014-09-29,8983.278
2014-09-30,9100.166
2014-10-01,8936.184
2014-10-02,8808.542
2014-10-03,8800.792
2014-10-06,8788.853
2014-10-07,8651.148
2014-10-08,8603.742
2014-10-09,8593.473
2014-10-10,8371.547
2014-10-13,8374.597
2014-10-14,8449.472
2014-10-15,8257.121
2014-10-16,8300.603
2014-10-17,8512.043
2014-10-20,8461.891
2014-10-21,8560.53
2014-10-22,8598.85
2014-10-23,8731.394
2014-10-24,8731.231
2014-10-27,8689.436
2014-10-28,8758.806
2014-10-29,8866.912
2014-10-30,8867.684
2014-10-31,8896.259
2014-11-03,8813.646
2014-11-04,8823.944
2014-11-05,8920.462
2014-11-06,8973.727
2014-11-07,8900.44
2014-11-10,8986.902
2014-11-11,9036.593
2014-11-12,8969.979
2014-11-13,9025.322
2014-11-14,8998.075
2014-11-17,9007.693
2014-11-18,9162.956
2014-11-19,9087.648
2014-11-20,9058.837
2014-11-21,9153.609
2014-11-24,9193.846
2014-11-25,9255.617
2014-11-26,9248.526
2014-11-27,9190.43
2014-11-28,9171.508
2014-12-01,9169.202
2014-12-02,9064.752
2014-12-03,9122.842
2014-12-04,9093.937
2014-12-05,9128.507
2014-12-08,9093.255
2014-12-09,9049.11
2014-12-10,9020.951
2014-12-11,9001.885
2014-12-12,8854.145
2014-12-15,8658.377
2014-12-16,8766.505
2014-12-17,8677.137
2014-12-18,8882.438
2014-12-19,8946.865
2014-12-22,8917.343
2014-12-23,8978.978
2014-12-24,8945.965
2014-12-25,8945.965
2014-12-26,8906.612
2014-12-29,8967.66
2014-12-30,8955.038
2014-12-31,8866.154
2015-01-01,8866.154
2015-01-02,8792.859
2015-01-05,8754.322
2015-01-06,8765.451
2015-01-07,8494.369
2015-01-08,8700.785
2015-01-09,8677.559
2015-01-12,8680.313
2015-01-13,8787.867
2015-01-14,8572.562
2015-01-15,8609.553
2015-01-16,8656.48
2015-01-19,8707.568
2015-01-20,8752.136
2015-01-21,8826.276
2015-01-22,8931.244
2015-01-23,8952.378
2015-01-26,9015.734
2015-01-27,8975.753
2015-01-28,9032.23
2015-01-29,9074.484
2015-01-30,9082.704
2015-02-02,9049.135
2015-02-03,9197.26
2015-02-04,9161.268
2015-02-05,9187.554
2015-02-06,9140.247
2015-02-09,9134.597
2015-02-10,9268.58
2015-02-11,9121.022
2015-02-12,9292.478
2015-02-13,9420.34
2015-02-16,9436.547
2015-02-17,9394.893
2015-02-18,9445.75
2015-02-19,9572.459
2015-02-20,9597.128
2015-02-23,9621.107
2015-02-24,9644.441
2015-02-25,9716.395
2015-02-26,9671.594
2015-02-27,9739.786
2015-03-02,9696.375
2015-03-03,9595.497
2015-03-04,9503.342
2015-03-05,9570.383
2015-03-06,9357.589
2015-03-09,9330.053
2015-03-10,9144.324
2015-03-11,9184.024
2015-03-12,9217.462
2015-03-13,9172.578
2015-03-16,9363.882
2015-03-17,9215.27
2015-03-18,9323.358
2015-03-19,9410.706
2015-03-20,9517.721
2015-03-23,9604.681
2015-03-24,9617.379
2015-03-25,9635.408
2015-03-26,9500.312
2015-03-27,9462.855
2015-03-30,9562.393
2015-03-31,9468.918
2015-04-01,9422.007
2015-04-02,9513.943
2015-04-03,9513.943
2015-04-06,9671.754
2015-04-07,9652.111
2015-04-08,9575.956
2015-04-09,9605.077
2015-04-10,9598.052
2015-04-13,9584.917
2015-04-14,9690.341
2015-04-15,9695.166
2015-04-16,9755.225
2015-04-17,9505.202
2015-04-20,9608.574
2015-04-21,9770.252
2015-04-22,9779.477
2015-04-23,9644.185
2015-04-24,9727.527
2015-04-27,9854.697
2015-04-28,9635.738
2015-04-29,9587.557
2015-04-30,9517.648
2015-05-01,9496.439
2015-05-04,9593.686
2015-05-05,9384.531
2015-05-06,9484.91
2015-05-07,9369.418
2015-05-08,9647.086
2015-05-11,9570.207
2015-05-12,9466.424
2015-05-13,9651.598
2015-05-14,9624.03
2015-05-15,9594.46
2015-05-18,9683.146
2015-05-19,9614.325
2015-05-20,9633.687
2015-05-21,9698.446
2015-05-22,9655.438
2015-05-25,9673.985
2015-05-26,9506.563
2015-05-27,9589.577
2015-05-28,9655.609
2015-05-29,9450.962
2015-06-01,9430.58
2015-06-02,9496.912
2015-06-03,9660.452
2015-06-04,9656.175
2015-06-05,9361.261
2015-06-08,9332.762
2015-06-09,9338.261
2015-06-10,9559.042
2015-06-11,9514.753
2015-06-12,9530.51
2015-06-15,9336.723
2015-06-16,9416.944
2015-06-17,9302.419
2015-06-18,9385.585
2015-06-19,9359.919
2015-06-22,9605.38
2015-06-23,9566.557
2015-06-24,9448.668
2015-06-25,9391.211
2015-06-26,9352.972
2015-06-29,9146.034
2015-06-30,9007.058
2015-07-01,9189.931
2015-07-02,8997.507
2015-07-03,8943.005
2015-07-06,8802.586
2015-07-07,8570.079
2015-07-08,8708.908
2015-07-09,8865.786
2015-07-10,9138.913
2015-07-13,9184.864
2015-07-14,9149.131
2015-07-15,8984.453
2015-07-16,9242.186
2015-07-17,9156.266
2015-07-20,9336.514
2015-07-21,9306.483
2015-07-22,9122.047
2015-07-23,9132.503
2015-07-24,9078.257
2015-07-27,9003.539
2015-07-28,8928.808
2015-07-29,8991.721
2015-07-30,8989.705
2015-07-31,9120.558
2015-08-03,9081.727
2015-08-04,9047.133
2015-08-05,9033.29
2015-08-06,8976.494
2015-08-07,8881.532
2015-08-10,9107.295
2015-08-11,8979.193
2015-08-12,8878.051
2015-08-13,9093.953
2015-08-14,9047.084
2015-08-17,9047.757
2015-08-18,8998.086
2015-08-19,8763.799
2015-08-20,8737.332
2015-08-21,8624.524
2015-08-24,8338.083
2015-08-25,8435.227
2015-08-26,8294.276
2015-08-27,8475.782
2015-08-28,8550.256
2015-08-31,8476.319
2015-09-01,8322.625
2015-09-02,8354.774
2015-09-03,8533.798
2015-09-04,8270.3
2015-09-07,8351.952
2015-09-08,8468.208
2015-09-09,8614.088
2015-09-10,8553.318
2015-09-11,8618.106
2015-09-14,8521.654
2015-09-15,8491.46
2015-09-16,8636.169
2015-09-17,8594.884
2015-09-18,8448.485
2015-09-21,8339.664
2015-09-22,8077.982
2015-09-23,8085.955
2015-09-24,7908.88
2015-09-25,8042.882
2015-09-28,7839.279
2015-09-29,7948.277
2015-09-30,8149.547
2015-10-01,8121.109
2015-10-02,8201.107
2015-10-05,8495.224
2015-10-06,8565.68
2015-10-07,8540.088
2015-10-08,8630.256
2015-10-09,8811.541
2015-10-12,8814.748
2015-10-13,8729.595
2015-10-14,8636.976
2015-10-15,8617.702
2015-10-16,8594.538
2015-10-19,8490.964
2015-10-20,8572.126
2015-10-21,8598.496
2015-10-22,8669.859
2015-10-23,8718.247
2015-10-26,8710.756
2015-10-27,8639.175
2015-10-28,8817.932
2015-10-29,8672.784
2015-10-30,8764.513
2015-11-02,8736.449
2015-11-03,8755.877
2015-11-04,8824.175
2015-11-05,8812.273
2015-11-06,8728.978
2015-11-09,8698.525
2015-11-10,8568.286
2015-11-11,8646.881
2015-11-12,8562.336
2015-11-13,8411.488
2015-11-16,8478.218
2015-11-17,8598.07
2015-11-18,8618.381
2015-11-19,8667.844
2015-11-20,8753.319
2015-11-23,8669.142
2015-11-24,8532.43
2015-11-25,8591.14
2015-11-26,8691.966
2015-11-27,8702.13
2015-11-30,8806.493
2015-12-01,8822.269
2015-12-02,8854.926
2015-12-03,8839.029
2015-12-04,8757.507
2015-12-07,8762.42
2015-12-08,8534.807
2015-12-09,8553.97
2015-12-10,8423.742
2015-12-11,8251.987
2015-12-14,8187.581
2015-12-15,8352.827
2015-12-16,8350.202
2015-12-17,8365.078
2015-12-18,8281.509
2015-12-21,8300.997
2015-12-22,8323.705
2015-12-23,8485.151
2015-12-24,8553.032
2015-12-25,8553.032
2015-12-28,8500.716
2015-12-29,8592.238
2015-12-30,8525.691
2015-12-31,8521.797
2016-01-01,8521.797
2016-01-04,8129.256
2016-01-05,7934.677
2016-01-06,7956.262
2016-01-07,7862.904
2016-01-08,7827.628
2016-01-11,7793.342
2016-01-12,7786.286
2016-01-13,7868.683
2016-01-14,7692.64
2016-01-15,7524.041
2016-01-18,7537.757
2016-01-19,7752.127
2016-01-20,7463.565
2016-01-21,7591.956
2016-01-22,7836.095
2016-01-25,7809.539
2016-01-26,7927.605
2016-01-27,8017.009
2016-01-28,7802.403
2016-01-29,7841.801
2016-02-01,7815.096
2016-02-02,7599.603
2016-02-03,7626.583
2016-02-04,7788.254
2016-02-05,7742.665
2016-02-08,7391.523
2016-02-09,7500.986
2016-02-10,7564.524
2016-02-11,7381.723
2016-02-12,7531.073
2016-02-15,7726.82
2016-02-16,7644.791
2016-02-17,7931.612
2016-02-18,7976.175
2016-02-19,7965.718
2016-02-22,8061.415
2016-02-23,7960.698
2016-02-24,7724.749
2016-02-25,7876.103
2016-02-26,7920.358
2016-02-29,7898.254
2016-03-01,7980.213
2016-03-02,7887.854
2016-03-03,8012.884
2016-03-04,8219.906
2016-03-07,8171.752
2016-03-08,8110.411
2016-03-09,8192.737
2016-03-10,8110.564
2016-03-11,8293.793
2016-03-14,8392.841
2016-03-15,8288.302
2016-03-16,8186.73
2016-03-17,8321.191
2016-03-18,8317.317
2016-03-21,8240.955
2016-03-22,8288.673
2016-03-23,8257.476
2016-03-24,8095.102
2016-03-25,8095.102
2016-03-28,8116.656
2016-03-29,8137.4
2016-03-30,8506.284
2016-03-31,8472.555
2016-04-01,8399.855
2016-04-04,8424.687
2016-04-05,8267.281
2016-04-06,8405.384
2016-04-07,8327.402
2016-04-08,8580.329
2016-04-11,8636.336
2016-04-12,8653.96
2016-04-13,8758.633
2016-04-14,8757.559
2016-04-15,8763.204
2016-04-18,8789.581
2016-04-19,9083.962
2016-04-20,9101.872
2016-04-21,9073.71
2016-04-22,8971.618
2016-04-25,8957.721
2016-04-26,8928.586
2016-04-27,8942.492
2016-04-28,8987.449
2016-04-29,8887.889
2016-05-02,8886.566
2016-05-03,8738.433
2016-05-04,8618.418
2016-05-05,8577.076
2016-05-06,8521.58
2016-05-09,8604.564
2016-05-10,8615.01
2016-05-11,8605.7
2016-05-12,8494.566
2016-05-13,8473.677
2016-05-16,8595.331
2016-05-17,8560.072
2016-05-18,8550.458
2016-05-19,8350.928
2016-05-20,8482.803
2016-05-23,8441.851
2016-05-24,8589.034
2016-05-25,8620.774
2016-05-26,8693.105
2016-05-27,8646.943
2016-05-30,8660.628
2016-05-31,8643.235
2016-06-01,8606.573
2016-06-02,8589.865
2016-06-03,8696.169
2016-06-06,8753.2
2016-06-07,8875.501
2016-06-08,8872.225
2016-06-09,8704.936
2016-06-10,8429.73
2016-06-13,8340.991
2016-06-14,8159.347
2016-06-15,8277.906
2016-06-16,8026.672
2016-06-17,8222.963
2016-06-20,8593.104
2016-06-21,8639.159
2016-06-22,8640.689
2016-06-23,8882.798
2016-06-24,8610.482
2016-06-27,7827.099
2016-06-28,8040.866
2016-06-29,8298.625
2016-06-30,8453.906
2016-07-01,8638.862
2016-07-04,8558.544
2016-07-05,8388.728
2016-07-06,8245.674
2016-07-07,8348.919
2016-07-08,8402.872
2016-07-11,8588.204
2016-07-12,8659.071
2016-07-13,8741.55
2016-07-14,8736.783
2016-07-15,8744.888
2016-07-18,8713.243
2016-07-19,8738.034
2016-07-20,8838.975
2016-07-21,8764.002
2016-07-22,8683.484
2016-07-25,8754.737
2016-07-26,8727.975
2016-07-27,8715.853
2016-07-28,8736.607
2016-07-29,8867.194
2016-08-01,8761.602
2016-08-02,8711.398
2016-08-03,8654.526
2016-08-04,8760.884
2016-08-05,8791.138
2016-08-08,8771.02
2016-08-09,9021.278
2016-08-10,9045.404
2016-08-11,9180.473
2016-08-12,9147.399
2016-08-15,9169.065
2016-08-16,9103.778
2016-08-17,9001.458
2016-08-18,9126.721
2016-08-19,9026.847
2016-08-22,9018.065
2016-08-23,9104.935
2016-08-24,9074.009
2016-08-25,9032.694
2016-08-26,9053.858
2016-08-29,8961.425
2016-08-30,8876.61
2016-08-31,8800.255
2016-09-01,8806.185
2016-09-02,8903.179
2016-09-05,8941.395
2016-09-06,9056.438
2016-09-07,9118.004
2016-09-08,9084.738
2016-09-09,8889.415
2016-09-12,8859.527
2016-09-13,8826.265
2016-09-14,8863.48
2016-09-15,8888.67
2016-09-16,8719.031
2016-09-19,8837.967
2016-09-20,8778.614
2016-09-21,8758.473
2016-09-22,9015.329
2016-09-23,8948.018
2016-09-26,8867.827
2016-09-27,8790.84
2016-09-28,8825.333
2016-09-29,8897.922
2016-09-30,8890.457
2016-10-03,8875.773
2016-10-04,8945.688
2016-10-05,8898.182
2016-10-06,8883.684
2016-10-07,8813.605
2016-10-10,8920.525
2016-10-11,8693.988
2016-10-12,8715.969
2016-10-13,8657.36
2016-10-14,8764.199
2016-10-17,8684.595
2016-10-18,8806.603
2016-10-19,8769.367
2016-10-20,8833.405
2016-10-21,8714.038
2016-10-24,8667.08
2016-10-25,8574.114
2016-10-26,8603.611
2016-10-27,8499.923
2016-10-28,8532.933
2016-10-31,8420.734
2016-11-01,8437.39
2016-11-02,8405.747
2016-11-03,8387.354
2016-11-04,8276.504
2016-11-07,8352.914
2016-11-08,8376.618
2016-11-09,8407.68
2016-11-10,8363.798
2016-11-11,8291.943
2016-11-14,8177.772
2016-11-15,8278.115
2016-11-16,8232.5
2016-11-17,8349.983
2016-11-18,8336.274
2016-11-21,8376.798
2016-11-22,8357.723
2016-11-23,8305.152
2016-11-24,8372.624
2016-11-25,8431.596
2016-11-28,8389.707
2016-11-29,8357.865
2016-11-30,8413.976
2016-12-01,8345.227
2016-12-02,8323.159
2016-12-05,8406.706
2016-12-06,8422.267
2016-12-07,8515.75
2016-12-08,8550.019
2016-12-09,8562.795
2016-12-12,8598.206
2016-12-13,8725.664
2016-12-14,8637.798
2016-12-15,8412.128
2016-12-16,8399.161
2016-12-19,8424.597
2016-12-20,8369.04
2016-12-21,8452.523
2016-12-22,8461.389
2016-12-23,8482.85
2016-12-26,8482.85
2016-12-27,8490.23
2016-12-28,8516.626
2016-12-29,8550.16
2016-12-30,8567.55
2017-01-02,8616.278
2017-01-03,8556.36
2017-01-04,8571.56
2017-01-05,8620.617
2017-01-06,8590.471
2017-01-09,8595.645
2017-01-10,8640.021
2017-01-11,8550.372
2017-01-12,8718.459
2017-01-13,8788.848
2017-01-16,8709.521
2017-01-17,8696.836
2017-01-18,8736.782
2017-01-19,8607.896
2017-01-20,8753.198
2017-01-23,8690.555
2017-01-24,8790.28
2017-01-25,8941.307
2017-01-26,8916.634
2017-01-27,8858.016
2017-01-30,8812.532
2017-01-31,9000.483
2017-02-01,9020.664
2017-02-02,9150.1
2017-02-03,9097.096
2017-02-06,8961.927
2017-02-07,8987.451
2017-02-08,9036.705
2017-02-09,8985.94
2017-02-10,9036.443
2017-02-13,9115.215
2017-02-14,9073.173
2017-02-15,9074.008
2017-02-16,9144.691
2017-02-17,9070.854
2017-02-20,9084.639
2017-02-21,9132.647
2017-02-22,9088.239
2017-02-23,9129.0
2017-02-24,8981.832
2017-02-27,8949.03
2017-02-28,9023.227
2017-03-01,9118.808
2017-03-02,9005.68
2017-03-03,9036.841
2017-03-06,9023.159
2017-03-07,9050.16
2017-03-08,9029.948
2017-03-09,8997.758
2017-03-10,9063.067
2017-03-13,9174.616
2017-03-14,9160.82
2017-03-15,9129.702
2017-03-16,9265.061
2017-03-17,9296.145
2017-03-20,9312.206
2017-03-21,9274.515
2017-03-22,9236.404
2017-03-23,9365.028
2017-03-24,9382.977
2017-03-27,9363.828
2017-03-28,9408.853
2017-03-29,9356.991
2017-03-30,9328.475
2017-03-31,9345.779
2017-04-03,9196.888
2017-04-04,9175.77
2017-04-05,9181.985
2017-04-06,9168.681
2017-04-07,9202.915
2017-04-10,9201.424
2017-04-11,9200.872
2017-04-12,9268.679
2017-04-13,9308.552
2017-04-14,9308.552
2017-04-17,9355.89
2017-04-18,9218.583
2017-04-19,9272.479
2017-04-20,9279.95
2017-04-21,9237.518
2017-04-24,9611.397
2017-04-25,9740.235
2017-04-26,9784.274
2017-04-27,9711.81
2017-04-28,9746.415
2017-05-01,9773.18
2017-05-02,9810.251
2017-05-03,9766.867
2017-05-04,9765.33
2017-05-05,9855.998
2017-05-08,9799.231
2017-05-09,9815.19
2017-05-10,9741.9
2017-05-11,9756.003
2017-05-12,9834.23
2017-05-15,9848.211
2017-05-16,9915.715
2017-05-17,9822.467
2017-05-18,9713.255
2017-05-19,9823.45
2017-05-22,9877.358
2017-05-23,9973.012
2017-05-24,9937.299
2017-05-25,9968.445
2017-05-26,9967.094
2017-05-29,9924.775
2017-05-30,9910.416
2017-05-31,9973.488
2017-06-01,9973.937
2017-06-02,10085.678
2017-06-05,9989.37
2017-06-06,9963.249
2017-06-07,9954.474
2017-06-08,9945.995
2017-06-09,10022.453
2017-06-12,9849.434
2017-06-13,10011.524
2017-06-14,10051.93
2017-06-15,9816.678
2017-06-16,9983.723
2017-06-19,10042.233
2017-06-20,9942.341
2017-06-21,9962.725
2017-06-22,10078.697
2017-06-23,10102.814
2017-06-26,10086.264
2017-06-27,10047.117
2017-06-28,10119.325
2017-06-29,10064.302
2017-06-30,10090.852
2017-07-03,10167.209
2017-07-04,10030.304
2017-07-05,10120.352
2017-07-06,10148.66
2017-07-07,10131.263
2017-07-10,10183.516
2017-07-11,10135.959
2017-07-12,10372.082
2017-07-13,10365.647
2017-07-14,10451.67
2017-07-17,10323.098
2017-07-18,10266.72
2017-07-19,10234.142
2017-07-20,10294.9
2017-07-21,10179.666
2017-07-24,10124.675
2017-07-25,10174.07
2017-07-26,10234.711
2017-07-27,10171.961
2017-07-28,10216.642
2017-07-31,10176.169
2017-08-01,10273.621
2017-08-02,10262.919
2017-08-03,10256.066
2017-08-04,10248.33
2017-08-07,10288.866
2017-08-08,10295.572
2017-08-09,10207.941
2017-08-10,10155.383
2017-08-11,10056.795
2017-08-14,10199.723
2017-08-15,10120.287
2017-08-16,10160.31
2017-08-17,10115.087
2017-08-18,10044.249
2017-08-21,10070.397
2017-08-22,10193.026
2017-08-23,10232.191
2017-08-24,10243.496
2017-08-25,10347.131
2017-08-28,10338.771
2017-08-29,10290.76
2017-08-30,10266.386
2017-08-31,10395.458
2017-09-01,10523.169
2017-09-04,10542.383
2017-09-05,10543.354
2017-09-06,10514.503
2017-09-07,10656.478
2017-09-08,10617.124
2017-09-11,10681.453
2017-09-12,10763.832
2017-09-13,10705.12
2017-09-14,10768.099
2017-09-15,10824.658
2017-09-18,10873.806
2017-09-19,10834.858
2017-09-20,10872.356
2017-09-21,10858.901
2017-09-22,10878.022
2017-09-25,10827.395
2017-09-26,10693.816
2017-09-27,10718.788
2017-09-28,10793.053
2017-09-29,10832.098
2017-10-02,10848.649
2017-10-03,10992.04
2017-10-04,11074.324
2017-10-05,11001.341
2017-10-06,10912.619
2017-10-09,10927.975
2017-10-10,10994.703
2017-10-11,11008.433
2017-10-12,10986.26
2017-10-13,11013.828
2017-10-16,10963.38
2017-10-17,10836.371
2017-10-18,10947.247
2017-10-19,11019.505
2017-10-20,11119.377
2017-10-23,11054.741
2017-10-24,10960.264
2017-10-25,10966.548
2017-10-26,11042.24
2017-10-27,11092.203
2017-10-30,11097.019
2017-10-31,11101.409
2017-11-01,11068.222
2017-11-02,11074.619
2017-11-03,11094.989
2017-11-06,11086.964
2017-11-07,10998.388
2017-11-08,11013.313
2017-11-09,10880.66
2017-11-10,10844.787
2017-11-13,10808.958
2017-11-14,10750.906
2017-11-15,10705.427
2017-11-16,10862.415
2017-11-17,10694.529
2017-11-20,10740.618
2017-11-21,10875.515
2017-11-22,10805.97
2017-11-23,10878.395
2017-11-24,10914.454
2017-11-27,10835.31
2017-11-28,10857.22
2017-11-29,10706.726
2017-11-30,10712.935
2017-12-01,10557.547
2017-12-04,10666.901
2017-12-05,10631.848
2017-12-06,10555.431
2017-12-07,10494.566
2017-12-08,10493.942
2017-12-11,10527.079
2017-12-12,10635.331
2017-12-13,10603.133
2017-12-14,10564.645
2017-12-15,10375.359
2017-12-18,10623.337
2017-12-19,10572.066
2017-12-20,10573.393
2017-12-21,10619.486
2017-12-22,10630.105
2017-12-25,10630.105
2017-12-26,10637.043
2017-12-27,10663.751
2017-12-28,10644.691
2017-12-29,10647.796
2018-01-01,10647.796
2018-01-02,10670.667
2018-01-03,10788.77
2018-01-04,10936.14
2018-01-05,11010.705
2018-01-08,10994.165
2018-01-09,10977.516
2018-01-10,11005.753
2018-01-11,11120.215
2018-01-12,11176.928
2018-01-15,11338.279
2018-01-16,11293.608
2018-01-17,11339.96
2018-01-18,11343.95
2018-01-19,11415.019
2018-01-22,11413.812
2018-01-23,11473.875
2018-01-24,11515.471
2018-01-25,11488.288
2018-01-26,11474.613
2018-01-29,11396.05
2018-01-30,11376.541
2018-01-31,11310.298
2018-02-01,11361.143
2018-02-02,11162.981
2018-02-05,10853.441
2018-02-06,10585.527
2018-02-07,10837.136
2018-02-08,10485.358
2018-02-09,10381.19
2018-02-12,10529.444
2018-02-13,10542.307
2018-02-14,10707.34
2018-02-15,10822.102
2018-02-16,10967.962
2018-02-19,10842.67
2018-02-20,10888.311
2018-02-21,10933.487
2018-02-22,10904.261
2018-02-23,10858.017
2018-02-26,10932.856
2018-02-27,10862.25
2018-02-28,10752.775
2018-03-01,10545.527
2018-03-02,10281.684
2018-03-05,10475.814
2018-03-06,10621.493
2018-03-07,10581.184
2018-03-08,10714.178
2018-03-09,10804.982
2018-03-12,10808.578
2018-03-13,10769.438
2018-03-14,10835.757
2018-03-15,10935.395
2018-03-16,10835.019
2018-03-19,10695.36
2018-03-20,10695.311
2018-03-21,10666.911
2018-03-22,10450.229
2018-03-23,10437.96
2018-03-26,10388.088
2018-03-27,10509.387
2018-03-28,10420.844
2018-03-29,10511.008
2018-03-30,10511.008
2018-04-02,10509.753
2018-04-03,10336.995
2018-04-04,10159.138
2018-04-05,10377.788
2018-04-06,10357.908
2018-04-09,10402.77
2018-04-10,10632.384
2018-04-11,10493.533
2018-04-12,10460.117
2018-04-13,10528.075
2018-04-16,10514.431
2018-04-17,10710.509
2018-04-18,10825.632
2018-04-19,10857.752
2018-04-20,10878.897
2018-04-23,10880.72
2018-04-24,10789.953
2018-04-25,10627.549
2018-04-26,10643.157
2018-04-27,10604.113
2018-04-30,10528.753
2018-05-01,10395.759
2018-05-02,10461.295
2018-05-03,10396.218
2018-05-04,10498.013
2018-05-07,10656.829
2018-05-08,10755.656
2018-05-09,10948.355
2018-05-10,10988.926
2018-05-11,10983.901
2018-05-14,10954.906
2018-05-15,10865.581
2018-05-16,10875.715
2018-05-17,10959.406
2018-05-18,10999.796
2018-05-21,11104.372
2018-05-22,11088.326
2018-05-23,10816.63
2018-05-24,10814.487
2018-05-25,10781.126
2018-05-28,10676.006
2018-05-29,10486.05
2018-05-30,10538.184
2018-05-31,10481.625
2018-06-01,10608.051
2018-06-04,10668.124
2018-06-05,10622.816
2018-06-06,10683.092
2018-06-07,10732.107
2018-06-08,10629.669
2018-06-11,10791.54
2018-06-12,10825.852
2018-06-13,10840.994
2018-06-14,10879.495
2018-06-15,10633.752
2018-06-18,10551.785
2018-06-19,10340.979
2018-06-20,10437.956
2018-06-21,10273.256
2018-06-22,10323.662
2018-06-25,10193.354
2018-06-26,10166.558
2018-06-27,10200.712
2018-06-28,10023.537
2018-06-29,10323.494
2018-07-02,10142.534
2018-07-03,10299.748
2018-07-04,10198.416
2018-07-05,10247.156
2018-07-06,10243.215
2018-07-09,10362.204
2018-07-10,10402.478
2018-07-11,10229.603
2018-07-12,10224.026
2018-07-13,10253.253
2018-07-16,10364.002
2018-07-17,10344.979
2018-07-18,10449.206
2018-07-19,10477.813
2018-07-20,10459.82
2018-07-23,10448.259
2018-07-24,10601.87
2018-07-25,10519.052
2018-07-26,10624.731
2018-07-27,10612.411
2018-07-30,10712.004
2018-07-31,10719.288
2018-08-01,10716.95
2018-08-02,10502.017
2018-08-03,10555.515
2018-08-06,10512.996
2018-08-07,10626.063
2018-08-08,10593.596
2018-08-09,10597.52
2018-08-10,10381.089
2018-08-13,10346.227
2018-08-14,10323.032
2018-08-15,10036.73
2018-08-16,10181.264
2018-08-17,10279.179
2018-08-20,10343.059
2018-08-21,10451.804
2018-08-22,10538.769
2018-08-23,10480.432
2018-08-24,10470.434
2018-08-27,10625.873
2018-08-28,10675.99
2018-08-29,10649.914
2018-08-30,10736.284
2018-08-31,10599.79
2018-09-03,10671.888
2018-09-04,10546.422
2018-09-05,10484.868
2018-09-06,10408.363
2018-09-07,10359.902
2018-09-10,10422.127
2018-09-11,10388.299
2018-09-12,10467.879
2018-09-13,10505.03
2018-09-14,10518.44
2018-09-17,10613.149
2018-09-18,10544.245
2018-09-19,10659.388
2018-09-20,10870.765
2018-09-21,10966.962
2018-09-24,10910.195
2018-09-25,10916.7
2018-09-26,10859.365
2018-09-27,10895.474
2018-09-28,10711.625
2018-10-01,10680.226
2018-10-02,10599.27
2018-10-03,10759.006
2018-10-04,10601.547
2018-10-05,10427.584
2018-10-08,10274.511
2018-10-09,10299.185
2018-10-10,10017.391
2018-10-11,9858.809
2018-10-12,9834.44
2018-10-15,9809.231
2018-10-16,9957.122
2018-10-17,9909.218
2018-10-18,9885.997
2018-10-19,9718.54
2018-10-22,9706.043
2018-10-23,9510.808
2018-10-24,9381.885
2018-10-25,9401.979
2018-10-26,9244.791
2018-10-29,9363.293
2018-10-30,9419.158
2018-10-31,9656.409
2018-11-01,9689.597
2018-11-02,9859.004
2018-11-05,9713.86
2018-11-06,9704.273
2018-11-07,9784.383
2018-11-08,9764.702
2018-11-09,9615.03
2018-11-12,9456.373
2018-11-13,9496.175
2018-11-14,9330.515
2018-11-15,9299.086
2018-11-16,9397.405
2018-11-19,9266.354
2018-11-20,9050.92
2018-11-21,9192.681
2018-11-22,9100.083
2018-11-23,9082.723
2018-11-26,9242.494
2018-11-27,9150.592
2018-11-28,9192.953
2018-11-29,9365.605
2018-11-30,9350.893
2018-12-03,9610.408
2018-12-04,9471.03
2018-12-05,9271.559
2018-12-06,8980.677
2018-12-07,9077.266
2018-12-10,8897.2
2018-12-11,9102.473
2018-12-12,9314.73
2018-12-13,9264.45
2018-12-14,9157.948
2018-12-17,9085.22
2018-12-18,9076.965
2018-12-19,9085.072
2018-12-20,8978.259
2018-12-21,8935.278
2018-12-24,8894.151
2018-12-25,8894.151
2018-12-26,8844.536
2018-12-27,8800.835
2018-12-28,9031.815
2018-12-31,9150.853
2019-01-01,9150.853
2019-01-02,8988.857
2019-01-03,8803.839
2019-01-04,9192.884
2019-01-07,9316.809
2019-01-08,9414.208
2019-01-09,9566.98
2019-01-10,9517.878
2019-01-11,9445.599
2019-01-14,9354.87
2019-01-15,9373.297
2019-01-16,9395.523
2019-01-17,9426.081
2019-01-18,9650.661
2019-01-21,9605.758
2019-01-22,9546.247
2019-01-23,9473.97
2019-01-24,9507.967
2019-01-25,9681.793
2019-01-28,9615.61
2019-01-29,9727.255
2019-01-30,9731.577
2019-01-31,9843.76
2019-02-01,9937.389
2019-02-04,9871.238
2019-02-05,9931.174
2019-02-06,9992.107
2019-02-07,9769.764
2019-02-08,9751.641
2019-02-11,9814.205
2019-02-12,9869.531
2019-02-13,10037.074
2019-02-14,9983.382
2019-02-15,10152.203
2019-02-18,10170.868
2019-02-19,10070.518
2019-02-20,10264.291
2019-02-21,10215.743
2019-02-22,10298.434
2019-02-25,10301.169
2019-02-26,10300.899
2019-02-27,10271.725
2019-02-28,10259.254
2019-03-01,10325.874
2019-03-04,10324.702
2019-03-05,10326.307
2019-03-06,10272.706
2019-03-07,9982.012
2019-03-08,9934.903
2019-03-11,10047.912
2019-03-12,10100.404
2019-03-13,10229.393
2019-03-14,10299.053
2019-03-15,10454.538
2019-03-18,10472.567
2019-03-19,10618.616
2019-03-20,10580.272
2019-03-21,10601.459
2019-03-22,10252.045
2019-03-25,10291.226
2019-03-26,10297.817
2019-03-27,10294.458
2019-03-28,10393.122
2019-03-29,10489.361
2019-04-01,10709.855
2019-04-02,10663.449
2019-04-03,10939.056
2019-04-04,10865.481
2019-04-05,10958.382
2019-04-08,11012.187
2019-04-09,10942.465
2019-04-10,11005.101
2019-04-11,11023.399
2019-04-12,11147.4
2019-04-15,11125.841
2019-04-16,11151.676
2019-04-17,11321.527
2019-04-18,11340.629
2019-04-19,11340.629
2019-04-22,11333.258
2019-04-23,11285.096
2019-04-24,11369.185
2019-04-25,11267.857
2019-04-26,11303.424
2019-04-29,11318.693
2019-04-30,11246.21
2019-05-01,11239.235
2019-05-02,11036.053
2019-05-03,11067.576
2019-05-06,10899.525
2019-05-07,10656.681
2019-05-08,10719.521
2019-05-09,10489.906
2019-05-10,10551.361
2019-05-13,10347.082
2019-05-14,10479.748
2019-05-15,10513.73
2019-05-16,10697.199
2019-05-17,10608.688
2019-05-20,10456.866
2019-05-21,10602.602
2019-05-22,10607.641
2019-05-23,10312.118
2019-05-24,10465.677
2019-05-27,10411.627
2019-05-28,10436.873
2019-05-29,10221.451
2019-05-30,10263.932
2019-05-31,10118.796
2019-06-03,10220.774
2019-06-04,10325.501
2019-06-05,10410.78
2019-06-06,10425.597
2019-06-07,10673.709
2019-06-10,10657.29
2019-06-11,10769.295
2019-06-12,10794.03
2019-06-13,10791.679
2019-06-14,10725.123
2019-06-17,10715.817
2019-06-18,10850.752
2019-06-19,10876.708
2019-06-20,11209.654
2019-06-21,11248.345
2019-06-24,11209.167
2019-06-25,11265.086
2019-06-26,11221.487
2019-06-27,11208.248
2019-06-28,11243.111
2019-07-01,11314.207
2019-07-02,11343.414
2019-07-03,11363.786
2019-07-04,11330.294
2019-07-05,10961.061
2019-07-08,10998.016
2019-07-09,10884.693
2019-07-10,10860.118
2019-07-11,10823.105
2019-07-12,10897.998
2019-07-15,11006.423
2019-07-16,11003.447
2019-07-17,10791.272
2019-07-18,10668.623
2019-07-19,10916.511
2019-07-22,10881.511
2019-07-23,10981.697
2019-07-24,10963.295
2019-07-25,10867.755
2019-07-26,10822.295
2019-07-29,10850.715
2019-07-30,10665.865
2019-07-31,10630.454
2019-08-01,10624.312
2019-08-02,10294.308
2019-08-05,10066.107
2019-08-06,10027.843
2019-08-07,10003.011
2019-08-08,10227.636
2019-08-09,10114.504
2019-08-12,10096.927
2019-08-13,10158.733
2019-08-14,9829.46
2019-08-15,9777.404
2019-08-16,9887.165
2019-08-19,10029.629
2019-08-20,9975.545
2019-08-21,10124.159
2019-08-22,9939.34
2019-08-23,9892.128
2019-08-26,9827.906
2019-08-27,9894.426
2019-08-28,9750.887
2019-08-29,9944.699
2019-08-30,10034.164
2019-09-02,10006.576
2019-09-03,9946.89
2019-09-04,10145.412
2019-09-05,10281.465
2019-09-06,10382.666
2019-09-09,10349.237
2019-09-10,10387.431
2019-09-11,10563.454
2019-09-12,10686.979
2019-09-13,10846.733
2019-09-16,10742.778
2019-09-17,10680.686
2019-09-18,10712.591
2019-09-19,10749.446
2019-09-20,10714.613
2019-09-23,10498.859
2019-09-24,10507.313
2019-09-25,10328.998
2019-09-26,10356.577
2019-09-27,10406.792
2019-09-30,10349.036
2019-10-01,10195.592
2019-10-02,9948.187
2019-10-03,9962.044
2019-10-04,10013.185
2019-10-07,10102.504
2019-10-08,9970.944
2019-10-09,10053.269
2019-10-10,10223.315
2019-10-11,10401.731
2019-10-14,10369.291
2019-10-15,10521.902
2019-10-16,10546.064
2019-10-17,10805.446
2019-10-18,10958.459
2019-10-21,11241.041
2019-10-22,11168.068
2019-10-23,11188.861
2019-10-24,11250.739
2019-10-25,11244.504
2019-10-28,11333.67
2019-10-29,11245.212
2019-10-30,11332.279
2019-10-31,11308.897
2019-11-01,11445.875
2019-11-04,11687.172
2019-11-05,11590.105
2019-11-06,11593.442
2019-11-07,11581.968
2019-11-08,11552.084
2019-11-11,11507.12
2019-11-12,11571.316
2019-11-13,11507.942
2019-11-14,11490.416
2019-11-15,11685.074
2019-11-18,11604.295
2019-11-19,11590.401
2019-11-20,11567.222
2019-11-21,11467.153
2019-11-22,11504.657
2019-11-25,11613.768
2019-11-26,11685.144
2019-11-27,11627.883
2019-11-28,11666.137
2019-11-29,11620.76
2019-12-02,11504.873
2019-12-03,11445.865
2019-12-04,11694.495
2019-12-05,11674.988
2019-12-06,11799.615
2019-12-09,11740.387
2019-12-10,11685.019
2019-12-11,11783.081
2019-12-12,11946.117
2019-12-13,12057.299
2019-12-16,12194.85
2019-12-17,12228.907
2019-12-18,12168.317
2019-12-19,12044.701
2019-12-20,12136.496
2019-12-23,12127.159
2019-12-24,12142.674
2019-12-25,12142.674
2019-12-26,12139.13
2019-12-27,12258.427
2019-12-30,12065.152
2019-12-31,12010.955
2020-01-01,12010.955
2020-01-02,12302.128
2020-01-03,12090.448
2020-01-06,12066.931
2020-01-07,12079.372
2020-01-08,12096.368
2020-01-09,12075.812
2020-01-10,12004.12
2020-01-13,12130.374
2020-01-14,12187.076
2020-01-15,12204.304
2020-01-16,12332.421
2020-01-17,12365.507
2020-01-20,12335.864
2020-01-21,12378.9
2020-01-22,12241.649
2020-01-23,12125.963
2020-01-24,12205.499
2020-01-27,11853.234
2020-01-28,11793.193
2020-01-29,11802.796
2020-01-30,11677.176
2020-01-31,11555.42
2020-02-03,11559.507
2020-02-04,11923.02
2020-02-05,12098.84
2020-02-06,11932.35
2020-02-07,11957.132
2020-02-10,11952.143
2020-02-11,12251.771
2020-02-12,12330.779
2020-02-13,12238.984
2020-02-14,12197.124
2020-02-17,12221.413
2020-02-18,12072.156
2020-02-19,12124.732
2020-02-20,12090.76
2020-02-21,12045.675
2020-02-24,11492.328
2020-02-25,11329.75
2020-02-26,11449.634
2020-02-27,11188.614
2020-02-28,10852.102
2020-03-02,11040.888
2020-03-03,11332.099
2020-03-04,11273.437
2020-03-05,11140.047
2020-03-06,10888.234
2020-03-09,10258.43
2020-03-10,10158.829
2020-03-11,10012.214
2020-03-12,8758.447
2020-03-13,8973.965
2020-03-16,8746.314
2020-03-17,8907.92
2020-03-18,8454.864
2020-03-19,8555.69
2020-03-20,8406.736
2020-03-23,8025.641
2020-03-24,8775.659
2020-03-25,9137.32
2020-03-26,9598.604
2020-03-27,9248.613
2020-03-30,9498.126
2020-03-31,9842.924
2020-04-01,9324.202
2020-04-02,9330.599
2020-04-03,9121.372
2020-04-06,9485.237
2020-04-07,9908.186
2020-04-08,9776.557
2020-04-09,9876.795
2020-04-10,9876.795
2020-04-13,9831.592
2020-04-14,10121.138
2020-04-15,9714.978
2020-04-16,9788.06
2020-04-17,10152.454
2020-04-20,10174.62
2020-04-21,9775.512
2020-04-22,10033.654
2020-04-23,10216.633
2020-04-24,9957.583
2020-04-27,10119.734
2020-04-28,10434.835
2020-04-29,10557.829
2020-04-30,10482.594
2020-05-01,10452.202
2020-05-04,9965.104
2020-05-05,10288.078
2020-05-06,10127.077
2020-05-07,10225.319
2020-05-08,10546.232
2020-05-11,10424.137
2020-05-12,10669.769
2020-05-13,10330.536
2020-05-14,9918.109
2020-05-15,10043.128
2020-05-18,10611.06
2020-05-19,10697.211
2020-05-20,10773.877
2020-05-21,10705.607
2020-05-22,10623.99
2020-05-25,10887.616
2020-05-26,11000.45
2020-05-27,11039.437
2020-05-28,11440.552
2020-05-29,11382.973
2020-06-01,11551.35
2020-06-02,11706.954
2020-06-03,12010.978
2020-06-04,12144.583
2020-06-05,12326.312
2020-06-08,12098.918
2020-06-09,12039.096
2020-06-10,11897.917
2020-06-11,11414.152
2020-06-12,11241.959
2020-06-15,11323.238
2020-06-16,11674.255
2020-06-17,11845.223
2020-06-18,11753.642
2020-06-19,11682.801
2020-06-22,11712.661
2020-06-23,12003.948
2020-06-24,11645.816
2020-06-25,11656.665
2020-06-26,11657.948
2020-06-29,11779.808
2020-06-30,11745.071
2020-07-01,11865.637
2020-07-02,12014.573
2020-07-03,12004.618
2020-07-06,12315.549
2020-07-07,12273.171
2020-07-08,12260.52
2020-07-09,12144.821
2020-07-10,12265.662
2020-07-13,12535.894
2020-07-14,12533.325
2020-07-15,12860.215
2020-07-16,12787.725
2020-07-17,12877.163
2020-07-20,13113.029
2020-07-21,13123.236
2020-07-22,13288.769
2020-07-23,13260.269
2020-07-24,13004.868
2020-07-27,13302.386
2020-07-28,13150.435
2020-07-29,13250.844
2020-07-30,12957.14
2020-07-31,12890.356
2020-08-03,13190.194
2020-08-04,13120.478
2020-08-05,13388.843
2020-08-06,13308.898
2020-08-07,13288.193
2020-08-10,13273.797
2020-08-11,13472.967
2020-08-12,13636.762
2020-08-13,13655.44
2020-08-14,13335.974
2020-08-17,13544.443
2020-08-18,13523.09
2020-08-19,13661.367
2020-08-20,13373.324
2020-08-21,13286.409
2020-08-24,13553.848
2020-08-25,13538.15
2020-08-26,13720.697
2020-08-27,13648.152
2020-08-28,13622.743
2020-08-31,13639.68
2020-09-01,13617.856
2020-09-02,13651.81
2020-09-03,13389.507
2020-09-04,13326.104
2020-09-07,13622.62
2020-09-08,13356.734
2020-09-09,13654.632
2020-09-10,13585.102
2020-09-11,13564.956
2020-09-14,13585.026
2020-09-15,13724.401
2020-09-16,13847.526
2020-09-17,13815.825
2020-09-18,14036.852
2020-09-21,13375.925
2020-09-22,13430.259
2020-09-23,13410.838
2020-09-24,13067.351
2020-09-25,13224.431
2020-09-28,13692.46
2020-09-29,13892.223
2020-09-30,13785.259
2020-10-01,13842.806
2020-10-02,13777.295
2020-10-05,14000.294
2020-10-06,13856.156
2020-10-07,13950.188
2020-10-08,13960.712
2020-10-09,14160.368
2020-10-12,14278.678
2020-10-13,14132.351
2020-10-14,14144.157
2020-10-15,13791.116
2020-10-16,14028.953
2020-10-19,14126.663
2020-10-20,14165.491
2020-10-21,14034.121
2020-10-22,13925.627
2020-10-23,13960.545
2020-10-26,13652.065
2020-10-27,13704.627
2020-10-28,13176.484
2020-10-29,13021.465
2020-10-30,13137.588
2020-11-02,13315.964
2020-11-03,13609.922
2020-11-04,13940.716
2020-11-05,14390.321
2020-11-06,14462.294
2020-11-09,14890.127
2020-11-10,14684.925
2020-11-11,14829.433
2020-11-12,14832.548
2020-11-13,14695.765
2020-11-16,14951.811
2020-11-17,15006.669
2020-11-18,15093.614
2020-11-19,14977.804
2020-11-20,15112.723
2020-11-23,14932.816
2020-11-24,15094.777
2020-11-25,15131.816
2020-11-26,15143.531
2020-11-27,15314.877
2020-11-30,15150.826
2020-12-01,15220.256
2020-12-02,15173.42
2020-12-03,15293.035
2020-12-04,15265.692
2020-12-07,15336.713
2020-12-08,15383.998
2020-12-09,15345.921
2020-12-10,15302.721
2020-12-11,15186.925
2020-12-14,15340.911
2020-12-15,15464.351
2020-12-16,15552.152
2020-12-17,15724.352
2020-12-18,15692.118
2020-12-21,15406.578
2020-12-22,15441.525
2020-12-23,15526.517
2020-12-24,15572.605
2020-12-25,15572.605
2020-12-28,15743.257
2020-12-29,15981.554
2020-12-30,15857.822
2020-12-31,15805.494
2021-01-01,15805.494
2021-01-04,16002.703
2021-01-05,16002.426
2021-01-06,16005.838
2021-01-07,16339.118
2021-01-08,16541.357
2021-01-11,16249.701
2021-01-12,16369.235
2021-01-13,16311.225
2021-01-14,16353.015
2021-01-15,16062.921
2021-01-18,16110.033
2021-01-19,16131.964
2021-01-20,16314.475
2021-01-21,16501.662
2021-01-22,16493.157
2021-01-25,16432.619
2021-01-26,16639.82
2021-01-27,16308.999
2021-01-28,16313.993
2021-01-29,16164.35
2021-02-01,16341.982
2021-02-02,16522.86
2021-02-03,16608.474
2021-02-04,16566.946
2021-02-05,16565.773
2021-02-08,16685.043
2021-02-09,16769.831
2021-02-10,16759.218
2021-02-11,16918.078
2021-02-12,17042.599
2021-02-15,17194.799
2021-02-16,17143.125
2021-02-17,16851.738
2021-02-18,16829.668
2021-02-19,17177.547
2021-02-22,17073.819
2021-02-23,16862.582
2021-02-24,16992.927
2021-02-25,17132.545
2021-02-26,16559.387
2021-03-01,16898.263
2021-03-02,17084.884
2021-03-03,17079.048
2021-03-04,16861.931
2021-03-05,16443.298
2021-03-08,16777.579
2021-03-09,17109.499
2021-03-10,17189.723
2021-03-11,17664.842
2021-03-12,17632.071
2021-03-15,17498.621
2021-03-16,17702.386
2021-03-17,17608.27
2021-03-18,17659.852
2021-03-19,17519.502
2021-03-22,17663.17
2021-03-23,17483.505
2021-03-24,17538.774
2021-03-25,17382.146
2021-03-26,17682.008
2021-03-29,17426.762
2021-03-30,17537.048
2021-03-31,17603.651
2021-04-01,17752.995
2021-04-02,17752.995
2021-04-05,17779.386
2021-04-06,18118.331
2021-04-07,18184.771
2021-04-08,18437.249
2021-04-09,18577.878
2021-04-12,18370.533
2021-04-13,18625.408
2021-04-14,18597.241
2021-04-15,18766.713
2021-04-16,19123.765
2021-04-19,19014.268
2021-04-20,18556.418
2021-04-21,18792.925
2021-04-22,18819.364
2021-04-23,18916.727
2021-04-26,18974.159
2021-04-27,19142.581
2021-04-28,18949.463
2021-04-29,18866.397
2021-04-30,18447.897
2021-05-03,18688.205
2021-05-04,18208.917
2021-05-05,18701.324
2021-05-06,18737.21
2021-05-07,19172.663
2021-05-10,19197.625
2021-05-11,18592.455
2021-05-12,18530.045
2021-05-13,18524.649
2021-05-14,18936.687
2021-05-17,18826.122
2021-05-18,19146.704
2021-05-19,18582.69
2021-05-20,19025.142
2021-05-21,19018.243
2021-05-24,19072.571
2021-05-25,19235.805
2021-05-26,19015.64
2021-05-27,19225.956
2021-05-28,19241.24
2021-05-31,19284.929
2021-06-01,19594.405
2021-06-02,19548.467
2021-06-03,19401.275
2021-06-04,19513.068
2021-06-07,19517.948
2021-06-08,19606.226
2021-06-09,19617.498
2021-06-10,19574.838
2021-06-11,19488.236
2021-06-14,19517.845
2021-06-15,19484.112
2021-06-16,19452.25
2021-06-17,18972.895
2021-06-18,18495.809
2021-06-21,18824.775
2021-06-22,18899.946
2021-06-23,18711.015
2021-06-24,18989.384
2021-06-25,18990.842
2021-06-28,18733.722
2021-06-29,18961.874
2021-06-30,18726.321
2021-07-01,18783.997
2021-07-02,18961.376
2021-07-05,19065.424
2021-07-06,19004.517
2021-07-07,19201.794
2021-07-08,19018.751
2021-07-09,19228.778
2021-07-12,19437.156
2021-07-13,19436.97
2021-07-14,19447.131
2021-07-15,19243.843
2021-07-16,19088.85
2021-07-19,18713.991
2021-07-20,18772.383
2021-07-21,19097.293
2021-07-22,19445.848
2021-07-23,19642.472
2021-07-26,19776.112
2021-07-27,19700.131
2021-07-28,19711.672
2021-07-29,19912.734
2021-07-30,19670.871
2021-08-02,19882.703
2021-08-03,19755.148
2021-08-04,19925.396
2021-08-05,19883.468
2021-08-06,19602.494
2021-08-09,19508.705
2021-08-10,19571.75
2021-08-11,19694.36
2021-08-12,19723.206
2021-08-13,19805.25
2021-08-16,19485.789
2021-08-17,19413.861
2021-08-18,19324.495
2021-08-19,18840.946
2021-08-20,19063.577
2021-08-23,19423.448
2021-08-24,19479.343
2021-08-25,19496.321
2021-08-26,19413.313
2021-08-27,19617.798
2021-08-30,19707.253
2021-08-31,19493.806
2021-09-01,19704.574
2021-09-02,19930.421
2021-09-03,19804.446
2021-09-06,19914.85
2021-09-07,19787.941
2021-09-08,19390.168
2021-09-09,19480.283
2021-09-10,19520.99
2021-09-13,19319.195
2021-09-14,19487.31
2021-09-15,19352.762
2021-09-16,19399.014
2021-09-17,19045.862
2021-09-20,18475.15
2021-09-21,18534.982
2021-09-22,18778.022
2021-09-23,19148.753
2021-09-24,18812.247
2021-09-27,18581.246
2021-09-28,18023.659
2021-09-29,17886.705
2021-09-30,18030.177
2021-10-01,17946.098
2021-10-04,17877.107
2021-10-05,18069.331
2021-10-06,17608.836
2021-10-07,17971.842
2021-10-08,17852.042
2021-10-11,17771.38
2021-10-12,17938.959
2021-10-13,18324.793
2021-10-14,18672.905
2021-10-15,18917.956
2021-10-18,18778.096
2021-10-19,19013.448
2021-10-20,19117.028
2021-10-21,19203.498
2021-10-22,19521.623
2021-10-25,19271.109
2021-10-26,19455.557
2021-10-27,19304.305
2021-10-28,19375.819
2021-10-29,19169.274
2021-11-01,19419.743
2021-11-02,19297.342
2021-11-03,19420.664
2021-11-04,19555.48
2021-11-05,19556.728
2021-11-08,19631.564
2021-11-09,19597.825
2021-11-10,19345.824
2021-11-11,19413.378
2021-11-12,19593.197
2021-11-15,19595.928
2021-11-16,19517.536
2021-11-17,19521.541
2021-11-18,19372.144
2021-11-19,19345.836
2021-11-22,19090.751
2021-11-23,18583.648
2021-11-24,18428.661
2021-11-25,18565.333
2021-11-26,17823.736
2021-11-29,18182.194
2021-11-30,17945.102
2021-12-01,18389.092
2021-12-02,18108.355
2021-12-03,17659.11
2021-12-06,18017.289
2021-12-07,18569.381
2021-12-08,18705.104
2021-12-09,18678.32
2021-12-10,18626.739
2021-12-13,18497.92
2021-12-14,18101.088
2021-12-15,18283.73
2021-12-16,18595.905
2021-12-17,18398.804
2021-12-20,18151.108
2021-12-21,18407.021
2021-12-22,18712.266
2021-12-23,19071.477
2021-12-24,19070.325
2021-12-27,19263.522
2021-12-28,19492.702
2021-12-29,19502.567
2021-12-30,19508.247
2021-12-31,19493.379
2022-01-03,19520.741
2022-01-04,19674.563
2022-01-05,19554.515
2022-01-06,19380.842
2022-01-07,18961.857
2022-01-10,18264.014
2022-01-11,18598.949
2022-01-12,19054.41
2022-01-13,19009.203
2022-01-14,18396.086
2022-01-17,18409.988
2022-01-18,17870.795
2022-01-19,17916.739
2022-01-20,18154.782
2022-01-21,17685.218
2022-01-24,16681.255
2022-01-25,16645.574
2022-01-26,17128.828
2022-01-27,16755.096
2022-01-28,16605.916
2022-01-31,17126.864
2022-02-01,17384.801
2022-02-02,17735.662
2022-02-03,17480.885
2022-02-04,17185.239
2022-02-07,17417.787
2022-02-08,17172.039
2022-02-09,17752.074
2022-02-10,17415.785
2022-02-11,17129.514
2022-02-14,16484.848
2022-02-15,17019.825
2022-02-16,16814.931
2022-02-17,16428.729
2022-02-18,16030.857
2022-02-21,15614.632
2022-02-22,15882.789
2022-02-23,15639.82
2022-02-24,14897.539
2022-02-25,15644.686
2022-02-28,15658.357
2022-03-01,15037.915
2022-03-02,14937.4
2022-03-03,14489.745
2022-03-04,13979.946
2022-03-07,13877.955
2022-03-08,13817.234
2022-03-09,14778.949
2022-03-10,14785.377
2022-03-11,14986.548
2022-03-14,15362.161
2022-03-15,15136.505
2022-03-16,16113.484
2022-03-17,16271.604
2022-03-18,16453.733
2022-03-21,16387.264
2022-03-22,16363.385
2022-03-23,16172.316
2022-03-24,16027.538
2022-03-25,15728.294
2022-03-28,15735.057
2022-03-29,16472.228
2022-03-30,16389.295
2022-03-31,16121.99
2022-04-01,16217.229
2022-04-04,16344.131
2022-04-05,16313.235
2022-04-06,15876.866
2022-04-07,15901.083
2022-04-08,15981.754
2022-04-11,15569.275
2022-04-12,15634.889
2022-04-13,15515.55
2022-04-14,15391.481
2022-04-15,15391.481
2022-04-18,15342.04
2022-04-19,15367.051
2022-04-20,15739.564
2022-04-21,15719.852
2022-04-22,15278.356
2022-04-25,14615.212
2022-04-26,14087.295
2022-04-27,14149.316
2022-04-28,14173.601
2022-04-29,14445.3
2022-05-02,13956.379
2022-05-03,14057.008
2022-05-04,13921.202
2022-05-05,13683.17
2022-05-06,13444.695
2022-05-09,12771.191
2022-05-10,13096.684
2022-05-11,13491.899
2022-05-12,13285.988
2022-05-13,13685.102
2022-05-16,13596.174
2022-05-17,13993.933
2022-05-18,13790.034
2022-05-19,13787.166
2022-05-20,13788.178
2022-05-23,14137.589
2022-05-24,14082.778
2022-05-25,13743.369
2022-05-26,13748.243
2022-05-27,14484.129
2022-05-30,14840.595
2022-05-31,14545.453
2022-06-01,14372.981
2022-06-02,14794.79
2022-06-03,14721.511
2022-06-06,14735.394
2022-06-07,14761.795
2022-06-08,14759.771
2022-06-09,14250.705
2022-06-10,13634.664
2022-06-13,13103.899
2022-06-14,12796.573
2022-06-15,12891.765
2022-06-16,12533.247
2022-06-17,12453.036
2022-06-20,12634.359
2022-06-21,12773.045
2022-06-22,12723.521
2022-06-23,12370.212
2022-06-24,12426.146
2022-06-27,12975.739
2022-06-28,12743.978
2022-06-29,12585.737
2022-06-30,12310.191
2022-07-01,12193.362
2022-07-04,12272.36
2022-07-05,11957.592
2022-07-06,12372.051
2022-07-07,12620.344
2022-07-08,12703.934
2022-07-11,12391.88
2022-07-12,12634.46
2022-07-13,12489.073
2022-07-14,12173.586
2022-07-15,12364.727
2022-07-18,12773.466
2022-07-19,13102.253
2022-07-20,13141.658
2022-07-21,13375.311
2022-07-22,13492.172
2022-07-25,13400.885
2022-07-26,13126.635
2022-07-27,13161.858
2022-07-28,13546.205
2022-07-29,13985.475
2022-08-01,13974.418
2022-08-02,13654.765
2022-08-03,13700.301
2022-08-04,13991.534
2022-08-05,13585.361
2022-08-08,13866.967
2022-08-09,13498.277
2022-08-10,14064.492
2022-08-11,14091.266
2022-08-12,13842.345
2022-08-15,13742.372
2022-08-16,13775.856
2022-08-17,13509.185
2022-08-18,13667.172
2022-08-19,13247.857
2022-08-22,12823.671
2022-08-23,12821.086
2022-08-24,12874.75
2022-08-25,12974.201
2022-08-26,12662.458
2022-08-29,12461.172
2022-08-30,12489.351
2022-08-31,12414.689
2022-09-01,11871.122
2022-09-02,12398.585
2022-09-05,12111.292
2022-09-06,12167.842
2022-09-07,12204.599
2022-09-08,12338.029
2022-09-09,12694.481
2022-09-12,13139.999
2022-09-13,12630.27
2022-09-14,12389.268
2022-09-15,12274.286
2022-09-16,12007.178
2022-09-19,11877.022
2022-09-20,11563.509
2022-09-21,11500.266
2022-09-22,11038.427
2022-09-23,10827.169
2022-09-26,10819.279
2022-09-27,10895.396
2022-09-28,11050.797
2022-09-29,10877.849
2022-09-30,11270.129
2022-10-03,11421.173
2022-10-04,12019.34
2022-10-05,11720.422
2022-10-06,11651.608
2022-10-07,11156.636
2022-10-10,10951.825
2022-10-11,10903.552
2022-10-12,10873.368
2022-10-13,10950.851
2022-10-14,11117.039
2022-10-17,11499.666
2022-10-18,11807.466
2022-10-19,11390.738
2022-10-20,11317.101
2022-10-21,11146.676
2022-10-24,11530.713
2022-10-25,12040.677
2022-10-26,12279.212
2022-10-27,12161.715
2022-10-28,12091.042
2022-10-31,11933.423
2022-11-01,12021.627
2022-11-02,11984.14
2022-11-03,11625.052
2022-11-04,12128.392
2022-11-07,12372.266
2022-11-08,12740.189
2022-11-09,12581.31
2022-11-10,13559.333
2022-11-11,14018.157
2022-11-14,13829.825
2022-11-15,13749.541
2022-11-16,13481.943
2022-11-17,13175.994
2022-11-18,13387.884
2022-11-21,13197.739
2022-11-22,13360.109
2022-11-23,13763.974
2022-11-24,13862.374
2022-11-25,13895.54
2022-11-28,13649.868
2022-11-29,13463.588
2022-11-30,13396.218
2022-12-01,14042.623
2022-12-02,14021.586
2022-12-05,14158.546
2022-12-06,13875.203
2022-12-07,13740.094
2022-12-08,13761.011
2022-12-09,13983.544
2022-12-12,13910.245
2022-12-13,14387.951
2022-12-14,14414.256
2022-12-15,13772.937
2022-12-16,13404.815
2022-12-19,13346.455
2022-12-20,13224.465
2022-12-21,13456.469
2022-12-22,13161.367
2022-12-23,13153.92
2022-12-26,13153.92
2022-12-27,13362.523
2022-12-28,13259.392
2022-12-29,13441.616
2022-12-30,13215.147
2023-01-02,13407.452
2023-01-03,13347.781
2023-01-04,13592.579
2023-01-05,13404.76
2023-01-06,13559.285
2023-01-09,14226.759
2023-01-10,14115.798
2023-01-11,14213.142
2023-01-12,14340.015
2023-01-13,14429.382
2023-01-16,14483.915
2023-01-17,14491.033
2023-01-18,14719.92
2023-01-19,14150.635
2023-01-20,14509.508
2023-01-23,14863.099
2023-01-24,14775.738
2023-01-25,14631.502
2023-01-26,14460.451
2023-01-27,14450.007
2023-01-30,14363.029
2023-01-31,14157.823
2023-02-01,14325.928
2023-02-02,15271.974
2023-02-03,15102.817
2023-02-06,14625.66
2023-02-07,14584.143
2023-02-08,14559.058
2023-02-09,14937.12
2023-02-10,14418.684
2023-02-13,14786.625
2023-02-14,14777.983
2023-02-15,14902.754
2023-02-16,14821.942
2023-02-17,14653.465
2023-02-20,14776.378
2023-02-21,14636.868
2023-02-22,14545.558
2023-02-23,14513.278
2023-02-24,14202.746
2023-02-27,14477.076
2023-02-28,14403.983
2023-03-01,14318.056
2023-03-02,14211.905
2023-03-03,14489.906
2023-03-06,14607.616
2023-03-07,14169.944
2023-03-08,14137.846
2023-03-09,14027.981
2023-03-10,13876.318
2023-03-13,13757.733
2023-03-14,14202.834
2023-03-15,13469.377
2023-03-16,13959.698
2023-03-17,13705.207
2023-03-20,14084.436
2023-03-21,14264.112
2023-03-22,14238.617
2023-03-23,14449.078
2023-03-24,13882.197
2023-03-27,14154.284
2023-03-28,14189.556
2023-03-29,14373.223
2023-03-30,14709.481
2023-03-31,14924.535
2023-04-03,14772.557
2023-04-04,15016.044
2023-04-05,14631.568
2023-04-06,14548.275
2023-04-07,14548.275
2023-04-10,14371.725
2023-04-11,14736.326
2023-04-12,14870.106
2023-04-13,15037.388
2023-04-14,15120.495
2023-04-17,15087.567
2023-04-18,15265.35
2023-04-19,15128.589
2023-04-20,15151.253
2023-04-21,15147.445
2023-04-24,15303.202
2023-04-25,15198.717
2023-04-26,15044.64
2023-04-27,15485.157
2023-04-28,15605.887
2023-05-01,15510.169
2023-05-02,15235.006
2023-05-03,15468.658
2023-05-04,15451.082
2023-05-05,15651.061
2023-05-08,15635.042
2023-05-09,15463.454
2023-05-10,15342.856
2023-05-11,15405.486
2023-05-12,15341.714
2023-05-15,15469.987
2023-05-16,15234.423
2023-05-17,15208.063
2023-05-18,15048.038
2023-05-19,15497.066
2023-05-22,15376.57
2023-05-23,15092.22
2023-05-24,14614.545
2023-05-25,14465.657
2023-05-26,14812.64
2023-05-29,14651.786
2023-05-30,14638.566
2023-05-31,14511.538
2023-06-01,14586.816
2023-06-02,15020.304
2023-06-05,14867.689
2023-06-06,14823.954
2023-06-07,14926.151
2023-06-08,14974.561
2023-06-09,14908.939
2023-06-12,14963.561
2023-06-13,15302.243
2023-06-14,15344.0
2023-06-15,15306.472
2023-06-16,15264.969
2023-06-19,14867.532
2023-06-20,14637.009
2023-06-21,14674.706
2023-06-22,14581.022
2023-06-23,14510.484
2023-06-26,14591.102
2023-06-27,14573.6
2023-06-28,14603.73
2023-06-29,14611.119
2023-06-30,14874.66
2023-07-03,14639.953
2023-07-04,14734.096
2023-07-05,14468.723
2023-07-06,14031.328
2023-07-07,14281.424
2023-07-10,14317.332
2023-07-11,14532.746
2023-07-12,15050.184
2023-07-13,15280.935
2023-07-14,15193.72
2023-07-17,15090.14
2023-07-18,15326.99
2023-07-19,14969.545
2023-07-20,14757.049
2023-07-21,14709.607
2023-07-24,14794.862
2023-07-25,14931.546
2023-07-26,14604.933
2023-07-27,14692.625
2023-07-28,14688.356
2023-07-31,14677.569
2023-08-01,14459.955
2023-08-02,14147.893
2023-08-03,13968.11
2023-08-04,14279.589
2023-08-07,14189.293
2023-08-08,13900.311
2023-08-09,14045.028
2023-08-10,14261.06
2023-08-11,13837.262
2023-08-14,13824.328
2023-08-15,13683.494
2023-08-16,13592.21
2023-08-17,13293.217
2023-08-18,13123.022
2023-08-21,13054.842
2023-08-22,13230.065
2023-08-23,13262.005
2023-08-24,13187.292
2023-08-25,13061.215
2023-08-28,13353.82
2023-08-29,13527.375
2023-08-30,13674.294
2023-08-31,13484.724
2023-09-01,13404.971
2023-09-04,13500.857
2023-09-05,13428.14
2023-09-06,13411.128
2023-09-07,13271.362
2023-09-08,13269.575
2023-09-11,13355.857
2023-09-12,13155.962
2023-09-13,13043.508
2023-09-14,13152.557
2023-09-15,13110.395
2023-09-18,13044.42
2023-09-19,12983.7
2023-09-20,13177.258
2023-09-21,12747.736
2023-09-22,12782.394
2023-09-25,12824.052
2023-09-26,12678.616
2023-09-27,12715.011
2023-09-28,12876.192
2023-09-29,13140.299
2023-10-02,12866.092
2023-10-03,12691.528
2023-10-04,12609.114
2023-10-05,12823.306
2023-10-06,12944.219
2023-10-09,12782.912
2023-10-10,13353.135
2023-10-11,13323.665
2023-10-12,13333.05
2023-10-13,13056.35
2023-10-16,13152.165
2023-10-17,13033.843
2023-10-18,12655.654
2023-10-19,12650.54
2023-10-20,12409.374
2023-10-23,12336.713
2023-10-24,12314.508
2023-10-25,12378.289
2023-10-26,12281.848
2023-10-27,12243.88
2023-10-30,12276.885
2023-10-31,12362.234
2023-11-01,12320.486
2023-11-02,12744.784
2023-11-03,13117.374
2023-11-06,13148.493
2023-11-07,13078.612
2023-11-08,13120.863
2023-11-09,13407.973
2023-11-10,13136.522
2023-11-13,13249.428
2023-11-14,13987.978
2023-11-15,14317.829
2023-11-16,14082.979
2023-11-17,14304.121
2023-11-20,14527.07
2023-11-21,14519.03
2023-11-22,14499.804
2023-11-23,14595.21
2023-11-24,14654.934
2023-11-27,14626.752
2023-11-28,14655.025
2023-11-29,14832.759
2023-11-30,14607.788
2023-12-01,14760.269
2023-12-04,14710.214
2023-12-05,14794.314
2023-12-06,15056.333
2023-12-07,15050.771
2023-12-08,15137.434
2023-12-11,15222.775
2023-12-12,15266.416
2023-12-13,15190.917
2023-12-14,15917.379
2023-12-15,16043.981
2023-12-18,15987.911
2023-12-19,16200.383
2023-12-20,16266.106
2023-12-21,16209.511
2023-12-22,16351.142
2023-12-25,16351.142
2023-12-26,16326.955
2023-12-27,16600.749
2023-12-28,16550.402
2023-12-29,16385.065
2024-01-01,16385.065
2024-01-02,16102.184
2024-01-03,15618.234
2024-01-04,15739.555
2024-01-05,15536.695
2024-01-08,15666.954
2024-01-09,15516.336
2024-01-10,15588.804
2024-01-11,15450.118
2024-01-12,15666.579
2024-01-15,15454.192
2024-01-16,15268.199
2024-01-17,14943.991
2024-01-18,15047.575
2024-01-19,15048.591
2024-01-22,15351.443
2024-01-23,15298.768
2024-01-24,15522.569
2024-01-25,15367.046
2024-01-26,15427.572
2024-01-29,15380.308
2024-01-30,15466.593
2024-01-31,15648.731
2024-02-01,15630.341
2024-02-02,15518.521
2024-02-05,15170.81
2024-02-06,15407.946
2024-02-07,15518.344
2024-02-08,15551.962
2024-02-09,15576.72
2024-02-12,15743.166
2024-02-13,15352.015
2024-02-14,15473.33
2024-02-15,15728.33
2024-02-16,15910.591
2024-02-19,15977.148
2024-02-20,16111.233
2024-02-21,16062.691
2024-02-22,16252.957
2024-02-23,16368.55
2024-02-26,16454.118
2024-02-27,16392.275
2024-02-28,16283.059
2024-02-29,16313.096
2024-03-01,16446.017
2024-03-04,16345.585
2024-03-05,16237.777
2024-03-06,16503.164
2024-03-07,16645.825
2024-03-08,16918.657
2024-03-11,16753.08
2024-03-12,17051.479
2024-03-13,17069.954
2024-03-14,16887.816
2024-03-15,16931.26
2024-03-18,16621.265
2024-03-19,16687.098
2024-03-20,16642.166
2024-03-21,16998.102
2024-03-22,16785.69
2024-03-25,16708.82
2024-03-26,16762.928
2024-03-27,16721.055
2024-03-28,16494.517
2024-03-29,16494.517
2024-04-01,16329.883
2024-04-02,16357.565
2024-04-03,16504.086
2024-04-04,16681.373
2024-04-05,16400.906
2024-04-08,16651.056
2024-04-09,16555.222
2024-04-10,16358.992
2024-04-11,16142.487
2024-04-12,15961.328
2024-04-15,16153.362
2024-04-16,15863.204
2024-04-17,15805.011
2024-04-18,15822.126
2024-04-19,15757.362
2024-04-22,15744.247
2024-04-23,16145.983
2024-04-24,16236.94
2024-04-25,16027.091
2024-04-26,16236.939
2024-04-29,16346.189
2024-04-30,16224.466
2024-05-01,16220.475
2024-05-02,16116.117
2024-05-03,16436.804
2024-05-06,16604.497
2024-05-07,16809.142
2024-05-08,16775.345
2024-05-09,16830.351
2024-05-10,17065.174
2024-05-13,17034.743
2024-05-14,17100.532
2024-05-15,17310.734
2024-05-16,17177.812
2024-05-17,17066.645
2024-05-20,17381.587
2024-05-21,17385.784
2024-05-22,17377.976
2024-05-23,17404.086
2024-05-24,17447.366
2024-05-27,17537.594
2024-05-28,17482.88
2024-05-29,17035.276
2024-05-30,17139.882
2024-05-31,17369.368
2024-06-03,17547.605
2024-06-04,17388.098
2024-06-05,17580.412
2024-06-06,17588.929
2024-06-07,17537.941
2024-06-10,17401.913
2024-06-11,17356.467
2024-06-12,18069.363
2024-06-13,17470.501
2024-06-14,17046.473
2024-06-17,17052.457
2024-06-18,17236.064
2024-06-19,17222.398
2024-06-20,17306.867
2024-06-21,17173.019
2024-06-24,17419.719
2024-06-25,17073.896
2024-06-26,17089.819
2024-06-27,16936.841
2024-06-28,17012.426
2024-07-01,16993.888
2024-07-02,16969.29
2024-07-03,17276.043
2024-07-04,17238.858
2024-07-05,17176.049
2024-07-08,17163.636
2024-07-09,16941.914
2024-07-10,17021.285
2024-07-11,17335.424
2024-07-12,17718.796
2024-07-15,17456.075
2024-07-16,17403.909
2024-07-17,17350.7
2024-07-18,17205.374
2024-07-19,16792.609
2024-07-22,16803.848
2024-07-23,16777.329
2024-07-24,16662.39
2024-07-25,16450.991
2024-07-26,16555.684
2024-07-29,16500.971
2024-07-30,16666.441
2024-07-31,16946.379
2024-08-01,16559.936
2024-08-02,16122.69
2024-08-05,15852.097
2024-08-06,15872.424
2024-08-07,16319.959
2024-08-08,16211.99
2024-08-09,16334.145
2024-08-12,16308.863
2024-08-13,16427.949
2024-08-14,16728.689
2024-08-15,16778.136
2024-08-16,16839.681
2024-08-19,17207.958
2024-08-20,17308.068
2024-08-21,17302.561
2024-08-22,17406.048
2024-08-23,17597.979
2024-08-26,17645.726
2024-08-27,17588.158
2024-08-28,17668.852
2024-08-29,17753.132
2024-08-30,17769.444
2024-09-02,17691.227
2024-09-03,17396.757
2024-09-04,17208.55
2024-09-05,16890.012
2024-09-06,16814.337
2024-09-09,16825.322
2024-09-10,16760.003
2024-09-11,16723.832
2024-09-12,17081.115
2024-09-13,17456.534
2024-09-16,17480.077
2024-09-17,17654.516
2024-09-18,17454.968
2024-09-19,17895.236
2024-09-20,17766.798
2024-09-23,17866.308
2024-09-24,17951.99
2024-09-25,18137.938
2024-09-26,18466.285
2024-09-27,18592.311
2024-09-30,18429.259
2024-10-01,18052.342
2024-10-02,18090.917
2024-10-03,17841.388
2024-10-04,17765.056
2024-10-07,17721.112
2024-10-08,17582.089
2024-10-09,17612.29
2024-10-10,17357.261
2024-10-11,17590.997
2024-10-14,17585.093
2024-10-15,17390.586
2024-10-16,17207.567
2024-10-17,17110.774
2024-10-18,17167.629
2024-10-21,16997.377
2024-10-22,16936.864
2024-10-23,16793.928
2024-10-24,16877.577
2024-10-25,17020.655
2024-10-28,17144.673
2024-10-29,16946.284
2024-10-30,16707.87
2024-10-31,16411.425
2024-11-01,16432.985
2024-11-04,16597.224
2024-11-05,16612.355
2024-11-06,16251.106
2024-11-07,16829.19
2024-11-08,16444.701
2024-11-11,16522.79
2024-11-12,15953.479
2024-11-13,15848.507
2024-11-14,15994.915
2024-11-15,15710.589
2024-11-18,15723.698
2024-11-19,15651.679
2024-11-20,15412.819
2024-11-21,15494.228
2024-11-22,15614.816
2024-11-25,15736.645
2024-11-26,15613.928
2024-11-27,15740.626
2024-11-28,15734.197
2024-11-29,15841.098
2024-12-02,15898.106
2024-12-03,16127.994
2024-12-04,16435.487
2024-12-05,16446.482
2024-12-06,16523.741
2024-12-09,16445.163
2024-12-10,16133.511
2024-12-11,16154.549
2024-12-12,16042.229
2024-12-13,15982.855
2024-12-16,16085.249
2024-12-17,15905.753
2024-12-18,15756.877
2024-12-19,15384.645
2024-12-20,15408.932
2024-12-23,15274.079
2024-12-24,15245.229
2024-12-25,15245.229
2024-12-26,15278.347
2024-12-27,15428.985
2024-12-30,15309.195
2024-12-31,15274.437
2025-01-01,15274.437
2025-01-02,15387.435
2025-01-03,15445.436
2025-01-06,15554.618
2025-01-07,15561.23
2025-01-08,15519.883
2025-01-09,15557.922
2025-01-10,15240.609
2025-01-13,15081.368
2025-01-14,15277.591
2025-01-15,15804.8
2025-01-16,15949.213
2025-01-17,16082.01
2025-01-20,16216.81
2025-01-21,16330.2
2025-01-22,16463.318
2025-01-23,16584.236
2025-01-24,16861.835
2025-01-27,16673.819
2025-01-28,16632.7
2025-01-29,16776.245
2025-01-30,16895.927
2025-01-31,16936.9
2025-02-03,16634.63
2025-02-04,17313.611
2025-02-05,17387.666
2025-02-06,17489.293
2025-02-07,17242.111
2025-02-10,17482.772
2025-02-11,17471.535
2025-02-12,17589.221
2025-02-13,18043.635
2025-02-14,18027.238
2025-02-17,18123.719
2025-02-18,18162.35
2025-02-19,17879.43
2025-02-20,18052.081
2025-02-21,17832.356
2025-02-24,17672.105
2025-02-25,17628.579
2025-02-26,17892.608
2025-02-27,17474.39
2025-02-28,17536.197
2025-03-03,17794.812
2025-03-04,17264.211
2025-03-05,18075.646
2025-03-06,17887.68
2025-03-07,17922.892
2025-03-10,17425.359
2025-03-11,17356.76
2025-03-12,17603.7
2025-03-13,17365.211
2025-03-14,17853.04
2025-03-17,18089.951
2025-03-18,17925.287
2025-03-19,17930.287
2025-03-20,17941.349
2025-03-21,17738.282
2025-03-24,17845.664
2025-03-25,18079.823
2025-03-26,17600.861
2025-03-27,17607.772
2025-03-28,17357.395
2025-03-31,16953.119
2025-04-01,17151.927
2025-04-02,17238.546
2025-04-03,16993.13
2025-04-04,15622.434
2025-04-07,15134.73
2025-04-08,15480.179
2025-04-09,15418.845
2025-04-10,16229.001
2025-04-11,15998.145
2025-04-14,16640.844
2025-04-15,16884.237
2025-04-16,16733.812
2025-04-17,16878.12
2025-04-18,16878.12
2025-04-21,16906.905
2025-04-22,17215.747
2025-04-23,17322.398
2025-04-24,17480.666
2025-04-25,17610.979
2025-04-28,17494.716
2025-04-29,17225.147
2025-04-30,17604.304
2025-05-01,17364.472
2025-05-02,18051.296
2025-05-05,17960.207
2025-05-06,17858.604
2025-05-07,17954.648
2025-05-08,17994.856
2025-05-09,17965.075
2025-05-12,18168.299
2025-05-13,18291.936
2025-05-14,18337.667
2025-05-15,18458.362
2025-05-16,18444.698
2025-05-19,18645.251
2025-05-20,18675.024
2025-05-21,18628.416
2025-05-22,18121.251
2025-05-23,18229.013
2025-05-26,18431.335
2025-05-27,18318.193
2025-05-28,18335.097
2025-05-29,18265.461
2025-05-30,18289.329
2025-06-02,18296.869
2025-06-03,18244.943
2025-06-04,18676.971
2025-06-05,18885.71
2025-06-06,18746.504
2025-06-09,18658.451
2025-06-10,18643.762
2025-06-11,18722.467
2025-06-12,18664.317
2025-06-13,18467.676
2025-06-16,18750.702
2025-06-17,18590.007
2025-06-18,18302.379
2025-06-19,18156.74
2025-06-20,18098.743
2025-06-23,18181.766
2025-06-24,18626.955
2025-06-25,18592.35
2025-06-26,18922.066
2025-06-27,19265.442
2025-06-30,19039.687
2025-07-01,18802.036
2025-07-02,18850.35
2025-07-03,18970.337
2025-07-04,18922.077
2025-07-07,19076.542
2025-07-08,18957.651
2025-07-09,19130.839
2025-07-10,19339.979
2025-07-11,19141.296
2025-07-14,18937.101
2025-07-15,18833.017
2025-07-16,18636.653
2025-07-17,19030.564
2025-07-18,18828.487
2025-07-21,19052.745
2025-07-22,18762.163
2025-07-23,19039.754
2025-07-24,19120.252
2025-07-25,19236.645
2025-07-28,19106.237
2025-07-29,18517.413
2025-07-30,18612.564
2025-07-31,18200.858
2025-08-01,18047.315
2025-08-04,18322.722
2025-08-05,18332.693
2025-08-06,18465.554
2025-08-07,18809.989
2025-08-08,18994.55
2025-08-11,18643.615
2025-08-12,18863.064
2025-08-13,18930.239
2025-08-14,18976.232
2025-08-15,19269.752
2025-08-18,19188.339
2025-08-19,19351.881
2025-08-20,19146.564
2025-08-21,18929.492
2025-08-22,19425.544
2025-08-25,19253.207
2025-08-26,19173.577
2025-08-27,19101.491
2025-08-28,19241.437
2025-08-29,19089.243
2025-09-01,19287.9
2025-09-02,18890.37
2025-09-03,19102.676
2025-09-04,19069.9
2025-09-05,19538.775
2025-09-08,19740.211
2025-09-09,19640.469
2025-09-10,19590.367
2025-09-11,19516.192
2025-09-12,19553.285
2025-09-15,19710.951
2025-09-16,19637.302
2025-09-17,19572.606
2025-09-18,19797.236
2025-09-19,19743.735
2025-09-22,19829.058
2025-09-23,19886.47
2025-09-24,19532.742
2025-09-25,19307.075
2025-09-26,19434.07
2025-09-29,19563.551
2025-09-30,19496.623
2025-10-01,19608.087
2025-10-02,19875.416
2025-10-03,19961.432
2025-10-06,20014.165
2025-10-07,19861.068
2025-10-08,19884.201
2025-10-09,19632.463
2025-10-10,19502.242
2025-10-13,19603.934
2025-10-14,19424.34
2025-10-15,19612.664
2025-10-16,19737.949
2025-10-17,19585.998
2025-10-20,19919.667
2025-10-21,20177.364
2025-10-22,20098.653
2025-10-23,20154.021
2025-10-24,20252.852
2025-10-27,20431.344
2025-10-28,20321.831
2025-10-29,20227.587
2025-10-30,20024.506
2025-10-31,19775.705
2025-11-03,19624.045
2025-11-04,19302.44
2025-11-05,19288.209
2025-11-06,19164.86
2025-11-07,19189.432
2025-11-10,19429.614
2025-11-11,19881.759
2025-11-12,20026.473
2025-11-13,19872.077
2025-11-14,19581.605
2025-11-17,19430.994
2025-11-18,18991.899
2025-11-19,18863.554
2025-11-20,18760.473
2025-11-21,18613.261
2025-11-24,18786.306
2025-11-25,18978.664
2025-11-26,19192.546
2025-11-27,19321.204
2025-11-28,19459.158
2025-12-01,19288.421
2025-12-02,19212.781
2025-12-03,19238.977
2025-12-04,19549.443
2025-12-05,19602.26
2025-12-08,19622.661
2025-12-09,19745.152
2025-12-10,19938.81
2025-12-11,20066.535
2025-12-12,19997.281
2025-12-15,19897.288
2025-12-16,19734.404
2025-12-17,19417.24
2025-12-18,19672.431
2025-12-19,19861.068
2025-12-22,19986.439
2025-12-23,20074.408
2025-12-24,20158.28
2025-12-25,20158.28
2025-12-26,20156.24
2025-12-29,20176.034
2025-12-30,20234.304
2025-12-31,20223.233
2026-01-01,20223.233
2026-01-02,20200.441
2026-01-05,20507.482
2026-01-06,20326.057
2026-01-07,20884.845
2026-01-08,20471.48
2026-01-09,20675.406
2026-01-12,20748.746
2026-01-13,20667.238
2026-01-14,20586.427
2026-01-15,20726.25
2026-01-16,20759.759
2026-01-19,20486.497
2026-01-20,20686.623
2026-01-21,20758.172
2026-01-22,20956.026
2026-01-23,21147.577
2026-01-26,21369.857
2026-01-27,21538.028
2026-01-28,21302.957
2026-01-29,21284.928
2026-01-30,21202.067
2026-02-02,21207.751
2026-02-03,21181.796
2026-02-04,20841.497
2026-02-05,20488.203
2026-02-06,20806.1
2026-02-09,21089.768
2026-02-10,21623.309
2026-02-11,21685.34
2026-02-12,21206.363
2026-02-13,21222.316
2026-02-16,21169.578
2026-02-17,21066.324
2026-02-18,21456.134
2026-02-19,21348.044
2026-02-20,21529.861
2026-02-23,21240.651
2026-02-24,21441.844
2026-02-25,21433.996
2026-02-26,21709.422
2026-02-27,22017.052
2026-03-02,21364.743
2026-03-03,20710.698
2026-03-04,21199.577
2026-03-05,20949.309
2026-03-06,20834.282
2026-03-09,20384.054
2026-03-10,20953.829
2026-03-11,20511.023
2026-03-12,20357.4
2026-03-13,19877.999
2026-03-16,20059.803
2026-03-17,20147.09
2026-03-18,20006.993
2026-03-19,19013.575
2026-03-20,18747.846
2026-03-23,19128.112
2026-03-24,19147.06
2026-03-25,19332.914
2026-03-26,19021.311
2026-03-27,18698.042
2026-03-30,18700.533
2026-03-31,19058.857
2026-04-01,19695.023
2026-04-02,19503.748
2026-04-03,19503.748
2026-04-06,19486.115
2026-04-07,19302.835
2026-04-08,20497.407
2026-04-09,20387.826
2026-04-10,20616.402
2026-04-13,20868.907
2026-04-14,21225.348
2026-04-15,21329.004
2026-04-16,21387.508
2026-04-17,22036.353
2026-04-20,21784.384
2026-04-21,21516.322
2026-04-22,21389.332
2026-04-23,21371.185
2026-04-24,21148.224
2026-04-27,20869.473
2026-04-28,19894.739
2026-04-29,19973.494
2026-04-30,20192.428
2026-05-01,20292.868
2026-05-04,19987.633
2026-05-05,20107.9
2026-05-06,20848.045
2026-05-07,20545.539
2026-05-08,20116.079
2026-05-11,20094.623
2026-05-12,19786.884
2026-05-13,19708.283
2026-05-14,19685.271
2026-05-15,19447.361
2026-05-18,19658.366
2026-05-19,19623.463
2026-05-20,19947.48
2026-05-21,20400.268
2026-05-22,20773.979
2026-05-25,21146.325
2026-05-26,20937.653
2026-05-27,20883.362
2026-05-28,20742.608
2026-05-29,20748.17
2026-06-01,20287.276
2026-06-02,20736.095
2026-06-03,20423.218
2026-06-04,20528.721
2026-06-05,20247.366
2026-06-08,20315.236
2026-06-09,20035.891
2026-06-10,19888.51
2026-06-11,19720.504
2026-06-12,20208.774
2026-06-15,20438.385
2026-06-16,20477.899
2026-06-17,20425.328
2026-06-18,20322.711
2026-06-19,20256.856
2026-06-22,20141.341
2026-06-23,19610.675
2026-06-24,19545.291
2026-06-25,19821.178
2026-06-26,19718.44
2026-06-29,19815.122
2026-06-30,20119.983
2026-07-01,20071.885
2026-07-02,20361.858
2026-07-03,20643.923
2026-07-06,20516.892
2026-07-07,20305.092
2026-07-08,19783.719
2026-07-09,20124.794
2026-07-10,20142.65
2026-07-13,19993.569
2026-07-14,20169.563
2026-07-15,20087.661
2026-07-16,20183.276
2026-07-17,20156.043
2026-07-20,20064.949
2026-07-21,20094.894
2026-07-22,20279.877
2026-07-23,20041.801
2026-07-24,20383.972
2026-07-27,20460.163
2026-07-28,20601.435
2026-07-29,20616.658
2026-07-30,21024.043
2026-07-31,21012.106
2026-08-03,21126.549
2026-08-04,21399.994
2026-08-05,21608.94
2026-08-06,21514.777
2026-08-07,21549.495
2026-08-10,21630.085
2026-08-11,21463.607
2026-08-12,21275.685
2026-08-13,21192.122
2026-08-14,21309.573
2026-08-17,21176.993
2026-08-18,21068.333
2026-08-19,21327.582
2026-08-20,21364.051
2026-08-21,21645.822
2026-08-24,21641.658
2026-08-25,21937.255
2026-08-26,21863.61
2026-08-27,21770.41
2026-08-28,21811.862
2026-08-31,21572.963
2026-09-01,21251.352
2026-09-02,21119.264
2026-09-03,21460.585
2026-09-04,21377.693
2026-09-07,21371.592
2026-09-08,21468.856
2026-09-09,21128.388
2026-09-10,20808.524
2026-09-11,20813.019
2026-09-14,20477.957
2026-09-15,20482.825
2026-09-16,20587.623
2026-09-17,20618.595
2026-09-18,20276.295
2026-09-21,20595.499
2026-09-22,20739.065
2026-09-23,20586.261
2026-09-24,20264.769
2026-09-25,20468.685
2026-09-28,20209.903
2026-09-29,20191.295
2026-09-30,20141.83
